✅ cylindrical_nr3_nth1_nz1_equal_area_NLT100_step100_dt20_tau50_start250 chargé
6000 fichiers DEM disponibles
📂 Chargement de 1 snapshots DEM...
   Diamètres chargés : 1030 particules
   [1/1] t=10: 1030 particules
✅ 1 snapshots | 1030 particules/snapshot
📏 Diamètres détectés : 0.0040 m et 0.0080 m
✅ Espèces (large): 680 particules A / 350 particules B
📂 Chargement de 1 snapshots DEM...
   Diamètres chargés : 1030 particules
   [1/1] t=10: 1030 particules
✅ 1 snapshots | 1030 particules/snapshot
RSD initial: 0.170
RSD final: 0.000
t_50%: 1
t_90%: 3
[647.02745898 643.31509711 642.52495571 642.29549519 642.22352055
 642.20060389 642.19328749 642.19095086 642.19020493 642.18996719
 642.18989181 642.18986829 642.18986135 642.1898597  642.18985975
 642.18986033 642.18986109 642.1898619  642.18986273 642.18986356
 642.1898644  642.18986523 642.18986607 642.18986691 642.18986775
 642.18986858 642.18986942 642.18987026 642.1898711  642.18987193
 642.18987277 642.18987361 642.18987444 642.18987528 642.18987612
 642.18987696 642.18987779 642.18987863 642.18987947 642.18988031
 642.18988114 642.18988198 642.18988282 642.18988365 642.18988449
 642.18988533 642.18988617 642.189887   642.18988784 642.18988868
 642.18988952 642.18989035 642.18989119 642.18989203 642.18989286
 642.1898937  642.18989454 642.18989538 642.18989621 642.18989705
 642.18989789 642.18989873 642.18989956 642.1899004  642.18990124
 642.18990207 642.18990291 642.18990375 642.18990459 642.18990542
 642.18990626 642.1899071  642.18990794 642.18990877 642.18990961
 642.18991045 642.18991128 642.18991212 642.18991296 642.1899138
 642.18991463 642.18991547 642.18991631 642.18991715 642.18991798
 642.18991882 642.18991966 642.18992049 642.18992133 642.18992217
 642.18992301 642.18992384 642.18992468 642.18992552 642.18992636
 642.18992719 642.18992803 642.18992887 642.1899297  642.18993054
 642.18993138 642.18993222 642.18993305 642.18993389 642.18993473
 642.18993557 642.1899364  642.18993724 642.18993808 642.18993891
 642.18993975 642.18994059 642.18994143 642.18994226 642.1899431
 642.18994394 642.18994478 642.18994561 642.18994645 642.18994729
 642.18994813 642.18994896 642.1899498  642.18995064 642.18995147
 642.18995231 642.18995315 642.18995399 642.18995482 642.18995566
 642.1899565  642.18995734 642.18995817 642.18995901 642.18995985
 642.18996068 642.18996152 642.18996236 642.1899632  642.18996403
 642.18996487 642.18996571 642.18996655 642.18996738 642.18996822
 642.18996906 642.18996989 642.18997073 642.18997157 642.18997241
 642.18997324 642.18997408 642.18997492 642.18997576 642.18997659
 642.18997743 642.18997827 642.1899791  642.18997994 642.18998078
 642.18998162 642.18998245 642.18998329 642.18998413 642.18998497
 642.1899858  642.18998664 642.18998748 642.18998831 642.18998915
 642.18998999 642.18999083 642.18999166 642.1899925  642.18999334
 642.18999418 642.18999501 642.18999585 642.18999669 642.18999752
 642.18999836 642.1899992  642.19000004 642.19000087 642.19000171
 642.19000255 642.19000339 642.19000422 642.19000506 642.1900059
 642.19000673 642.19000757 642.19000841 642.19000925 642.19001008
 642.19001092 642.19001176 642.1900126  642.19001343 642.19001427]
📂 Chargement de 1 snapshots DEM...
   Diamètres chargés : 1030 particules
   [1/1] t=11: 1030 particules
✅ 1 snapshots | 1030 particules/snapshot
📏 Diamètres détectés : 0.0040 m et 0.0080 m
✅ Espèces (large): 680 particules A / 350 particules B
📂 Chargement de 1 snapshots DEM...
   Diamètres chargés : 1030 particules
   [1/1] t=11: 1030 particules
✅ 1 snapshots | 1030 particules/snapshot
RSD initial: 0.167
RSD final: 0.000
t_50%: 1
t_90%: 3
[647.68894302 644.04292845 643.26556985 643.03970491 642.96885066
 642.9462903  642.93908763 642.93678733 642.93605302 642.93581898
 642.93574479 642.93572165 642.93571483 642.93571322 642.93571328
 642.93571387 642.93571463 642.93571544 642.93571627 642.93571711
 642.93571794 642.93571878 642.93571962 642.93572046 642.9357213
 642.93572213 642.93572297 642.93572381 642.93572465 642.93572549
 642.93572632 642.93572716 642.935728   642.93572884 642.93572968
 642.93573052 642.93573135 642.93573219 642.93573303 642.93573387
 642.93573471 642.93573555 642.93573638 642.93573722 642.93573806
 642.9357389  642.93573974 642.93574058 642.93574141 642.93574225
 642.93574309 642.93574393 642.93574477 642.9357456  642.93574644
 642.93574728 642.93574812 642.93574896 642.9357498  642.93575063
 642.93575147 642.93575231 642.93575315 642.93575399 642.93575483
 642.93575566 642.9357565  642.93575734 642.93575818 642.93575902
 642.93575985 642.93576069 642.93576153 642.93576237 642.93576321
 642.93576405 642.93576488 642.93576572 642.93576656 642.9357674
 642.93576824 642.93576908 642.93576991 642.93577075 642.93577159
 642.93577243 642.93577327 642.93577411 642.93577494 642.93577578
 642.93577662 642.93577746 642.9357783  642.93577913 642.93577997
 642.93578081 642.93578165 642.93578249 642.93578333 642.93578416
 642.935785   642.93578584 642.93578668 642.93578752 642.93578836
 642.93578919 642.93579003 642.93579087 642.93579171 642.93579255
 642.93579338 642.93579422 642.93579506 642.9357959  642.93579674
 642.93579758 642.93579841 642.93579925 642.93580009 642.93580093
 642.93580177 642.93580261 642.93580344 642.93580428 642.93580512
 642.93580596 642.9358068  642.93580764 642.93580847 642.93580931
 642.93581015 642.93581099 642.93581183 642.93581266 642.9358135
 642.93581434 642.93581518 642.93581602 642.93581686 642.93581769
 642.93581853 642.93581937 642.93582021 642.93582105 642.93582189
 642.93582272 642.93582356 642.9358244  642.93582524 642.93582608
 642.93582692 642.93582775 642.93582859 642.93582943 642.93583027
 642.93583111 642.93583194 642.93583278 642.93583362 642.93583446
 642.9358353  642.93583614 642.93583697 642.93583781 642.93583865
 642.93583949 642.93584033 642.93584117 642.935842   642.93584284
 642.93584368 642.93584452 642.93584536 642.93584619 642.93584703
 642.93584787 642.93584871 642.93584955 642.93585039 642.93585122
 642.93585206 642.9358529  642.93585374 642.93585458 642.93585542
 642.93585625 642.93585709 642.93585793 642.93585877 642.93585961
 642.93586045 642.93586128 642.93586212 642.93586296 642.9358638
 642.93586464 642.93586547 642.93586631 642.93586715 642.93586799]
📂 Chargement de 1 snapshots DEM...
   Diamètres chargés : 1030 particules
   [1/1] t=12: 1030 particules
✅ 1 snapshots | 1030 particules/snapshot
📏 Diamètres détectés : 0.0040 m et 0.0080 m
✅ Espèces (large): 680 particules A / 350 particules B
📂 Chargement de 1 snapshots DEM...
   Diamètres chargés : 1030 particules
   [1/1] t=12: 1030 particules
✅ 1 snapshots | 1030 particules/snapshot
RSD initial: 0.165
RSD final: 0.000
t_50%: 1
t_90%: 3
[647.6781085  644.05607077 643.28796467 643.06514815 642.99527318
 642.97302599 642.96592339 642.96365507 642.96293096 642.9627002
 642.96262704 642.96260424 642.96259753 642.96259595 642.96259602
 642.96259661 642.96259737 642.96259818 642.96259901 642.96259985
 642.96260069 642.96260153 642.96260236 642.9626032  642.96260404
 642.96260488 642.96260572 642.96260656 642.96260739 642.96260823
 642.96260907 642.96260991 642.96261075 642.96261158 642.96261242
 642.96261326 642.9626141  642.96261494 642.96261578 642.96261661
 642.96261745 642.96261829 642.96261913 642.96261997 642.96262081
 642.96262164 642.96262248 642.96262332 642.96262416 642.962625
 642.96262584 642.96262667 642.96262751 642.96262835 642.96262919
 642.96263003 642.96263087 642.9626317  642.96263254 642.96263338
 642.96263422 642.96263506 642.9626359  642.96263673 642.96263757
 642.96263841 642.96263925 642.96264009 642.96264093 642.96264176
 642.9626426  642.96264344 642.96264428 642.96264512 642.96264595
 642.96264679 642.96264763 642.96264847 642.96264931 642.96265015
 642.96265098 642.96265182 642.96265266 642.9626535  642.96265434
 642.96265518 642.96265601 642.96265685 642.96265769 642.96265853
 642.96265937 642.96266021 642.96266104 642.96266188 642.96266272
 642.96266356 642.9626644  642.96266524 642.96266607 642.96266691
 642.96266775 642.96266859 642.96266943 642.96267027 642.9626711
 642.96267194 642.96267278 642.96267362 642.96267446 642.96267529
 642.96267613 642.96267697 642.96267781 642.96267865 642.96267949
 642.96268032 642.96268116 642.962682   642.96268284 642.96268368
 642.96268452 642.96268535 642.96268619 642.96268703 642.96268787
 642.96268871 642.96268955 642.96269038 642.96269122 642.96269206
 642.9626929  642.96269374 642.96269458 642.96269541 642.96269625
 642.96269709 642.96269793 642.96269877 642.96269961 642.96270044
 642.96270128 642.96270212 642.96270296 642.9627038  642.96270463
 642.96270547 642.96270631 642.96270715 642.96270799 642.96270883
 642.96270966 642.9627105  642.96271134 642.96271218 642.96271302
 642.96271386 642.96271469 642.96271553 642.96271637 642.96271721
 642.96271805 642.96271889 642.96271972 642.96272056 642.9627214
 642.96272224 642.96272308 642.96272392 642.96272475 642.96272559
 642.96272643 642.96272727 642.96272811 642.96272895 642.96272978
 642.96273062 642.96273146 642.9627323  642.96273314 642.96273397
 642.96273481 642.96273565 642.96273649 642.96273733 642.96273817
 642.962739   642.96273984 642.96274068 642.96274152 642.96274236
 642.9627432  642.96274403 642.96274487 642.96274571 642.96274655
 642.96274739 642.96274823 642.96274906 642.9627499  642.96275074]
📂 Chargement de 1 snapshots DEM...
   Diamètres chargés : 1030 particules
   [1/1] t=13: 1030 particules
✅ 1 snapshots | 1030 particules/snapshot
📏 Diamètres détectés : 0.0040 m et 0.0080 m
✅ Espèces (large): 680 particules A / 350 particules B
📂 Chargement de 1 snapshots DEM...
   Diamètres chargés : 1030 particules
   [1/1] t=13: 1030 particules
✅ 1 snapshots | 1030 particules/snapshot
RSD initial: 0.174
RSD final: 0.000
t_50%: 1
t_90%: 3
[646.37139221 642.58069461 641.77314416 641.53856385 641.46497918
 641.44154964 641.43406946 641.43168051 641.43091787 641.43067479
 641.4305977  641.43057364 641.43056652 641.43056482 641.43056484
 641.43056542 641.43056617 641.43056698 641.43056781 641.43056864
 641.43056948 641.43057032 641.43057115 641.43057199 641.43057282
 641.43057366 641.4305745  641.43057533 641.43057617 641.43057701
 641.43057784 641.43057868 641.43057951 641.43058035 641.43058119
 641.43058202 641.43058286 641.4305837  641.43058453 641.43058537
 641.43058621 641.43058704 641.43058788 641.43058871 641.43058955
 641.43059039 641.43059122 641.43059206 641.4305929  641.43059373
 641.43059457 641.4305954  641.43059624 641.43059708 641.43059791
 641.43059875 641.43059959 641.43060042 641.43060126 641.43060209
 641.43060293 641.43060377 641.4306046  641.43060544 641.43060628
 641.43060711 641.43060795 641.43060878 641.43060962 641.43061046
 641.43061129 641.43061213 641.43061297 641.4306138  641.43061464
 641.43061548 641.43061631 641.43061715 641.43061798 641.43061882
 641.43061966 641.43062049 641.43062133 641.43062217 641.430623
 641.43062384 641.43062467 641.43062551 641.43062635 641.43062718
 641.43062802 641.43062886 641.43062969 641.43063053 641.43063136
 641.4306322  641.43063304 641.43063387 641.43063471 641.43063555
 641.43063638 641.43063722 641.43063806 641.43063889 641.43063973
 641.43064056 641.4306414  641.43064224 641.43064307 641.43064391
 641.43064475 641.43064558 641.43064642 641.43064725 641.43064809
 641.43064893 641.43064976 641.4306506  641.43065144 641.43065227
 641.43065311 641.43065394 641.43065478 641.43065562 641.43065645
 641.43065729 641.43065813 641.43065896 641.4306598  641.43066063
 641.43066147 641.43066231 641.43066314 641.43066398 641.43066482
 641.43066565 641.43066649 641.43066733 641.43066816 641.430669
 641.43066983 641.43067067 641.43067151 641.43067234 641.43067318
 641.43067402 641.43067485 641.43067569 641.43067652 641.43067736
 641.4306782  641.43067903 641.43067987 641.43068071 641.43068154
 641.43068238 641.43068321 641.43068405 641.43068489 641.43068572
 641.43068656 641.4306874  641.43068823 641.43068907 641.43068991
 641.43069074 641.43069158 641.43069241 641.43069325 641.43069409
 641.43069492 641.43069576 641.4306966  641.43069743 641.43069827
 641.4306991  641.43069994 641.43070078 641.43070161 641.43070245
 641.43070329 641.43070412 641.43070496 641.43070579 641.43070663
 641.43070747 641.4307083  641.43070914 641.43070998 641.43071081
 641.43071165 641.43071248 641.43071332 641.43071416 641.43071499
 641.43071583 641.43071667 641.4307175  641.43071834 641.43071918]
📂 Chargement de 1 snapshots DEM...
   Diamètres chargés : 1030 particules
   [1/1] t=14: 1030 particules
✅ 1 snapshots | 1030 particules/snapshot
📏 Diamètres détectés : 0.0040 m et 0.0080 m
✅ Espèces (large): 680 particules A / 350 particules B
📂 Chargement de 1 snapshots DEM...
   Diamètres chargés : 1030 particules
   [1/1] t=14: 1030 particules
✅ 1 snapshots | 1030 particules/snapshot
RSD initial: 0.103
RSD final: 0.000
t_50%: 1
t_90%: 3
[673.01494053 671.470529   671.01699775 670.87441761 670.82900071
 670.81449921 670.80986729 670.8083881  670.80791612 670.80776593
 670.80771854 670.80770399 670.80769994 670.80769924 670.80769961
 670.80770033 670.80770115 670.80770201 670.80770288 670.80770375
 670.80770463 670.8077055  670.80770638 670.80770725 670.80770812
 670.807709   670.80770987 670.80771075 670.80771162 670.8077125
 670.80771337 670.80771425 670.80771512 670.807716   670.80771687
 670.80771774 670.80771862 670.80771949 670.80772037 670.80772124
 670.80772212 670.80772299 670.80772387 670.80772474 670.80772562
 670.80772649 670.80772737 670.80772824 670.80772911 670.80772999
 670.80773086 670.80773174 670.80773261 670.80773349 670.80773436
 670.80773524 670.80773611 670.80773699 670.80773786 670.80773873
 670.80773961 670.80774048 670.80774136 670.80774223 670.80774311
 670.80774398 670.80774486 670.80774573 670.80774661 670.80774748
 670.80774836 670.80774923 670.8077501  670.80775098 670.80775185
 670.80775273 670.8077536  670.80775448 670.80775535 670.80775623
 670.8077571  670.80775798 670.80775885 670.80775973 670.8077606
 670.80776147 670.80776235 670.80776322 670.8077641  670.80776497
 670.80776585 670.80776672 670.8077676  670.80776847 670.80776935
 670.80777022 670.80777109 670.80777197 670.80777284 670.80777372
 670.80777459 670.80777547 670.80777634 670.80777722 670.80777809
 670.80777897 670.80777984 670.80778072 670.80778159 670.80778246
 670.80778334 670.80778421 670.80778509 670.80778596 670.80778684
 670.80778771 670.80778859 670.80778946 670.80779034 670.80779121
 670.80779208 670.80779296 670.80779383 670.80779471 670.80779558
 670.80779646 670.80779733 670.80779821 670.80779908 670.80779996
 670.80780083 670.80780171 670.80780258 670.80780345 670.80780433
 670.8078052  670.80780608 670.80780695 670.80780783 670.8078087
 670.80780958 670.80781045 670.80781133 670.8078122  670.80781308
 670.80781395 670.80781482 670.8078157  670.80781657 670.80781745
 670.80781832 670.8078192  670.80782007 670.80782095 670.80782182
 670.8078227  670.80782357 670.80782444 670.80782532 670.80782619
 670.80782707 670.80782794 670.80782882 670.80782969 670.80783057
 670.80783144 670.80783232 670.80783319 670.80783407 670.80783494
 670.80783581 670.80783669 670.80783756 670.80783844 670.80783931
 670.80784019 670.80784106 670.80784194 670.80784281 670.80784369
 670.80784456 670.80784544 670.80784631 670.80784718 670.80784806
 670.80784893 670.80784981 670.80785068 670.80785156 670.80785243
 670.80785331 670.80785418 670.80785506 670.80785593 670.8078568
 670.80785768 670.80785855 670.80785943 670.8078603  670.80786118]
📂 Chargement de 1 snapshots DEM...
   Diamètres chargés : 1030 particules
   [1/1] t=15: 1030 particules
✅ 1 snapshots | 1030 particules/snapshot
📏 Diamètres détectés : 0.0040 m et 0.0080 m
✅ Espèces (large): 680 particules A / 350 particules B
📂 Chargement de 1 snapshots DEM...
   Diamètres chargés : 1030 particules
   [1/1] t=15: 1030 particules
✅ 1 snapshots | 1030 particules/snapshot
RSD initial: 0.172
RSD final: 0.000
t_50%: 1
t_90%: 3
[646.14006301 642.35122648 641.5486676  641.31593718 641.24295833
 641.21972319 641.21230517 641.20993609 641.20917979 641.20893874
 641.2088623  641.20883844 641.20883139 641.20882971 641.20882974
 641.20883032 641.20883107 641.20883188 641.20883271 641.20883354
 641.20883438 641.20883521 641.20883605 641.20883688 641.20883772
 641.20883856 641.20883939 641.20884023 641.20884106 641.2088419
 641.20884274 641.20884357 641.20884441 641.20884524 641.20884608
 641.20884692 641.20884775 641.20884859 641.20884942 641.20885026
 641.2088511  641.20885193 641.20885277 641.2088536  641.20885444
 641.20885528 641.20885611 641.20885695 641.20885778 641.20885862
 641.20885946 641.20886029 641.20886113 641.20886196 641.2088628
 641.20886364 641.20886447 641.20886531 641.20886614 641.20886698
 641.20886782 641.20886865 641.20886949 641.20887032 641.20887116
 641.208872   641.20887283 641.20887367 641.2088745  641.20887534
 641.20887618 641.20887701 641.20887785 641.20887868 641.20887952
 641.20888036 641.20888119 641.20888203 641.20888286 641.2088837
 641.20888454 641.20888537 641.20888621 641.20888704 641.20888788
 641.20888872 641.20888955 641.20889039 641.20889122 641.20889206
 641.2088929  641.20889373 641.20889457 641.2088954  641.20889624
 641.20889708 641.20889791 641.20889875 641.20889958 641.20890042
 641.20890126 641.20890209 641.20890293 641.20890376 641.2089046
 641.20890544 641.20890627 641.20890711 641.20890794 641.20890878
 641.20890962 641.20891045 641.20891129 641.20891212 641.20891296
 641.2089138  641.20891463 641.20891547 641.2089163  641.20891714
 641.20891798 641.20891881 641.20891965 641.20892048 641.20892132
 641.20892216 641.20892299 641.20892383 641.20892466 641.2089255
 641.20892634 641.20892717 641.20892801 641.20892884 641.20892968
 641.20893052 641.20893135 641.20893219 641.20893302 641.20893386
 641.2089347  641.20893553 641.20893637 641.2089372  641.20893804
 641.20893888 641.20893971 641.20894055 641.20894138 641.20894222
 641.20894306 641.20894389 641.20894473 641.20894556 641.2089464
 641.20894724 641.20894807 641.20894891 641.20894974 641.20895058
 641.20895142 641.20895225 641.20895309 641.20895392 641.20895476
 641.2089556  641.20895643 641.20895727 641.2089581  641.20895894
 641.20895978 641.20896061 641.20896145 641.20896228 641.20896312
 641.20896396 641.20896479 641.20896563 641.20896646 641.2089673
 641.20896814 641.20896897 641.20896981 641.20897064 641.20897148
 641.20897232 641.20897315 641.20897399 641.20897482 641.20897566
 641.2089765  641.20897733 641.20897817 641.208979   641.20897984
 641.20898068 641.20898151 641.20898235 641.20898318 641.20898402]
📂 Chargement de 1 snapshots DEM...
   Diamètres chargés : 1030 particules
   [1/1] t=16: 1030 particules
✅ 1 snapshots | 1030 particules/snapshot
📏 Diamètres détectés : 0.0040 m et 0.0080 m
✅ Espèces (large): 680 particules A / 350 particules B
📂 Chargement de 1 snapshots DEM...
   Diamètres chargés : 1030 particules
   [1/1] t=16: 1030 particules
✅ 1 snapshots | 1030 particules/snapshot
RSD initial: 0.177
RSD final: 0.000
t_50%: 1
t_90%: 3
[644.35985379 640.43005636 639.6072888  639.36954279 639.29504515
 639.27132964 639.26375843 639.26134042 639.26056849 639.26032244
 639.2602444  639.26022003 639.26021282 639.26021108 639.26021109
 639.26021166 639.26021241 639.26021322 639.26021404 639.26021487
 639.26021571 639.26021654 639.26021737 639.26021821 639.26021904
 639.26021987 639.26022071 639.26022154 639.26022237 639.26022321
 639.26022404 639.26022487 639.26022571 639.26022654 639.26022737
 639.26022821 639.26022904 639.26022987 639.26023071 639.26023154
 639.26023238 639.26023321 639.26023404 639.26023488 639.26023571
 639.26023654 639.26023738 639.26023821 639.26023904 639.26023988
 639.26024071 639.26024154 639.26024238 639.26024321 639.26024404
 639.26024488 639.26024571 639.26024654 639.26024738 639.26024821
 639.26024904 639.26024988 639.26025071 639.26025154 639.26025238
 639.26025321 639.26025405 639.26025488 639.26025571 639.26025655
 639.26025738 639.26025821 639.26025905 639.26025988 639.26026071
 639.26026155 639.26026238 639.26026321 639.26026405 639.26026488
 639.26026571 639.26026655 639.26026738 639.26026821 639.26026905
 639.26026988 639.26027071 639.26027155 639.26027238 639.26027321
 639.26027405 639.26027488 639.26027571 639.26027655 639.26027738
 639.26027822 639.26027905 639.26027988 639.26028072 639.26028155
 639.26028238 639.26028322 639.26028405 639.26028488 639.26028572
 639.26028655 639.26028738 639.26028822 639.26028905 639.26028988
 639.26029072 639.26029155 639.26029238 639.26029322 639.26029405
 639.26029488 639.26029572 639.26029655 639.26029738 639.26029822
 639.26029905 639.26029989 639.26030072 639.26030155 639.26030239
 639.26030322 639.26030405 639.26030489 639.26030572 639.26030655
 639.26030739 639.26030822 639.26030905 639.26030989 639.26031072
 639.26031155 639.26031239 639.26031322 639.26031405 639.26031489
 639.26031572 639.26031655 639.26031739 639.26031822 639.26031905
 639.26031989 639.26032072 639.26032156 639.26032239 639.26032322
 639.26032406 639.26032489 639.26032572 639.26032656 639.26032739
 639.26032822 639.26032906 639.26032989 639.26033072 639.26033156
 639.26033239 639.26033322 639.26033406 639.26033489 639.26033572
 639.26033656 639.26033739 639.26033822 639.26033906 639.26033989
 639.26034072 639.26034156 639.26034239 639.26034323 639.26034406
 639.26034489 639.26034573 639.26034656 639.26034739 639.26034823
 639.26034906 639.26034989 639.26035073 639.26035156 639.26035239
 639.26035323 639.26035406 639.26035489 639.26035573 639.26035656
 639.26035739 639.26035823 639.26035906 639.26035989 639.26036073
 639.26036156 639.26036239 639.26036323 639.26036406 639.2603649 ]
📂 Chargement de 1 snapshots DEM...
   Diamètres chargés : 1030 particules
   [1/1] t=17: 1030 particules
✅ 1 snapshots | 1030 particules/snapshot
📏 Diamètres détectés : 0.0040 m et 0.0080 m
✅ Espèces (large): 680 particules A / 350 particules B
📂 Chargement de 1 snapshots DEM...
   Diamètres chargés : 1030 particules
   [1/1] t=17: 1030 particules
✅ 1 snapshots | 1030 particules/snapshot
RSD initial: 0.182
RSD final: 0.000
t_50%: 1
t_90%: 3
[644.16102816 640.16116129 639.31562778 639.0705864  638.99375675
 638.96929612 638.96148686 638.95899279 638.95819656 638.95794275
 638.95786223 638.95783707 638.9578296  638.95782778 638.95782777
 638.95782833 638.95782908 638.95782988 638.95783071 638.95783154
 638.95783237 638.9578332  638.95783403 638.95783487 638.9578357
 638.95783653 638.95783737 638.9578382  638.95783903 638.95783987
 638.9578407  638.95784153 638.95784236 638.9578432  638.95784403
 638.95784486 638.9578457  638.95784653 638.95784736 638.9578482
 638.95784903 638.95784986 638.95785069 638.95785153 638.95785236
 638.95785319 638.95785403 638.95785486 638.95785569 638.95785653
 638.95785736 638.95785819 638.95785903 638.95785986 638.95786069
 638.95786152 638.95786236 638.95786319 638.95786402 638.95786486
 638.95786569 638.95786652 638.95786736 638.95786819 638.95786902
 638.95786986 638.95787069 638.95787152 638.95787235 638.95787319
 638.95787402 638.95787485 638.95787569 638.95787652 638.95787735
 638.95787819 638.95787902 638.95787985 638.95788069 638.95788152
 638.95788235 638.95788318 638.95788402 638.95788485 638.95788568
 638.95788652 638.95788735 638.95788818 638.95788902 638.95788985
 638.95789068 638.95789152 638.95789235 638.95789318 638.95789401
 638.95789485 638.95789568 638.95789651 638.95789735 638.95789818
 638.95789901 638.95789985 638.95790068 638.95790151 638.95790235
 638.95790318 638.95790401 638.95790484 638.95790568 638.95790651
 638.95790734 638.95790818 638.95790901 638.95790984 638.95791068
 638.95791151 638.95791234 638.95791317 638.95791401 638.95791484
 638.95791567 638.95791651 638.95791734 638.95791817 638.95791901
 638.95791984 638.95792067 638.95792151 638.95792234 638.95792317
 638.957924   638.95792484 638.95792567 638.9579265  638.95792734
 638.95792817 638.957929   638.95792984 638.95793067 638.9579315
 638.95793234 638.95793317 638.957934   638.95793483 638.95793567
 638.9579365  638.95793733 638.95793817 638.957939   638.95793983
 638.95794067 638.9579415  638.95794233 638.95794317 638.957944
 638.95794483 638.95794566 638.9579465  638.95794733 638.95794816
 638.957949   638.95794983 638.95795066 638.9579515  638.95795233
 638.95795316 638.957954   638.95795483 638.95795566 638.95795649
 638.95795733 638.95795816 638.95795899 638.95795983 638.95796066
 638.95796149 638.95796233 638.95796316 638.95796399 638.95796483
 638.95796566 638.95796649 638.95796732 638.95796816 638.95796899
 638.95796982 638.95797066 638.95797149 638.95797232 638.95797316
 638.95797399 638.95797482 638.95797565 638.95797649 638.95797732
 638.95797815 638.95797899 638.95797982 638.95798065 638.95798149]
📂 Chargement de 1 snapshots DEM...
   Diamètres chargés : 1030 particules
   [1/1] t=18: 1030 particules
✅ 1 snapshots | 1030 particules/snapshot
📏 Diamètres détectés : 0.0040 m et 0.0080 m
✅ Espèces (large): 680 particules A / 350 particules B
📂 Chargement de 1 snapshots DEM...
   Diamètres chargés : 1030 particules
   [1/1] t=18: 1030 particules
✅ 1 snapshots | 1030 particules/snapshot
RSD initial: 0.181
RSD final: 0.000
t_50%: 1
t_90%: 3
[645.05384139 641.11846077 640.28071848 640.03742279 639.96110771
 639.93680897 639.92905129 639.92657369 639.92578273 639.9255306
 639.92545061 639.92542563 639.92541821 639.92541641 639.92541641
 639.92541697 639.92541772 639.92541853 639.92541935 639.92542018
 639.92542102 639.92542185 639.92542268 639.92542352 639.92542435
 639.92542519 639.92542602 639.92542686 639.92542769 639.92542853
 639.92542936 639.92543019 639.92543103 639.92543186 639.9254327
 639.92543353 639.92543437 639.9254352  639.92543603 639.92543687
 639.9254377  639.92543854 639.92543937 639.92544021 639.92544104
 639.92544187 639.92544271 639.92544354 639.92544438 639.92544521
 639.92544605 639.92544688 639.92544771 639.92544855 639.92544938
 639.92545022 639.92545105 639.92545189 639.92545272 639.92545356
 639.92545439 639.92545522 639.92545606 639.92545689 639.92545773
 639.92545856 639.9254594  639.92546023 639.92546106 639.9254619
 639.92546273 639.92546357 639.9254644  639.92546524 639.92546607
 639.9254669  639.92546774 639.92546857 639.92546941 639.92547024
 639.92547108 639.92547191 639.92547274 639.92547358 639.92547441
 639.92547525 639.92547608 639.92547692 639.92547775 639.92547858
 639.92547942 639.92548025 639.92548109 639.92548192 639.92548276
 639.92548359 639.92548443 639.92548526 639.92548609 639.92548693
 639.92548776 639.9254886  639.92548943 639.92549027 639.9254911
 639.92549193 639.92549277 639.9254936  639.92549444 639.92549527
 639.92549611 639.92549694 639.92549777 639.92549861 639.92549944
 639.92550028 639.92550111 639.92550195 639.92550278 639.92550361
 639.92550445 639.92550528 639.92550612 639.92550695 639.92550779
 639.92550862 639.92550946 639.92551029 639.92551112 639.92551196
 639.92551279 639.92551363 639.92551446 639.9255153  639.92551613
 639.92551696 639.9255178  639.92551863 639.92551947 639.9255203
 639.92552114 639.92552197 639.9255228  639.92552364 639.92552447
 639.92552531 639.92552614 639.92552698 639.92552781 639.92552864
 639.92552948 639.92553031 639.92553115 639.92553198 639.92553282
 639.92553365 639.92553448 639.92553532 639.92553615 639.92553699
 639.92553782 639.92553866 639.92553949 639.92554033 639.92554116
 639.92554199 639.92554283 639.92554366 639.9255445  639.92554533
 639.92554617 639.925547   639.92554783 639.92554867 639.9255495
 639.92555034 639.92555117 639.92555201 639.92555284 639.92555367
 639.92555451 639.92555534 639.92555618 639.92555701 639.92555785
 639.92555868 639.92555951 639.92556035 639.92556118 639.92556202
 639.92556285 639.92556369 639.92556452 639.92556535 639.92556619
 639.92556702 639.92556786 639.92556869 639.92556953 639.92557036]
📂 Chargement de 1 snapshots DEM...
   Diamètres chargés : 1030 particules
   [1/1] t=19: 1030 particules
✅ 1 snapshots | 1030 particules/snapshot
📏 Diamètres détectés : 0.0040 m et 0.0080 m
✅ Espèces (large): 680 particules A / 350 particules B
📂 Chargement de 1 snapshots DEM...
   Diamètres chargés : 1030 particules
   [1/1] t=19: 1030 particules
✅ 1 snapshots | 1030 particules/snapshot
RSD initial: 0.184
RSD final: 0.000
t_50%: 1
t_90%: 3
[645.52191706 641.57082588 640.71847418 640.4699545  640.39193815
 640.36709402 640.35916198 640.35662867 640.35581991 640.3555621
 640.3554803  640.35545473 640.35544713 640.35544527 640.35544525
 640.35544581 640.35544655 640.35544736 640.35544819 640.35544902
 640.35544985 640.35545069 640.35545152 640.35545236 640.35545319
 640.35545403 640.35545486 640.3554557  640.35545653 640.35545736
 640.3554582  640.35545903 640.35545987 640.3554607  640.35546154
 640.35546237 640.35546321 640.35546404 640.35546488 640.35546571
 640.35546655 640.35546738 640.35546822 640.35546905 640.35546989
 640.35547072 640.35547156 640.35547239 640.35547323 640.35547406
 640.3554749  640.35547573 640.35547657 640.3554774  640.35547824
 640.35547907 640.35547991 640.35548074 640.35548158 640.35548241
 640.35548325 640.35548408 640.35548492 640.35548575 640.35548659
 640.35548742 640.35548826 640.35548909 640.35548993 640.35549076
 640.3554916  640.35549243 640.35549326 640.3554941  640.35549493
 640.35549577 640.3554966  640.35549744 640.35549827 640.35549911
 640.35549994 640.35550078 640.35550161 640.35550245 640.35550328
 640.35550412 640.35550495 640.35550579 640.35550662 640.35550746
 640.35550829 640.35550913 640.35550996 640.3555108  640.35551163
 640.35551247 640.3555133  640.35551414 640.35551497 640.35551581
 640.35551664 640.35551748 640.35551831 640.35551915 640.35551998
 640.35552082 640.35552165 640.35552249 640.35552332 640.35552416
 640.35552499 640.35552583 640.35552666 640.3555275  640.35552833
 640.35552917 640.35553    640.35553083 640.35553167 640.3555325
 640.35553334 640.35553417 640.35553501 640.35553584 640.35553668
 640.35553751 640.35553835 640.35553918 640.35554002 640.35554085
 640.35554169 640.35554252 640.35554336 640.35554419 640.35554503
 640.35554586 640.3555467  640.35554753 640.35554837 640.3555492
 640.35555004 640.35555087 640.35555171 640.35555254 640.35555338
 640.35555421 640.35555505 640.35555588 640.35555672 640.35555755
 640.35555839 640.35555922 640.35556006 640.35556089 640.35556173
 640.35556256 640.3555634  640.35556423 640.35556507 640.3555659
 640.35556674 640.35556757 640.3555684  640.35556924 640.35557007
 640.35557091 640.35557174 640.35557258 640.35557341 640.35557425
 640.35557508 640.35557592 640.35557675 640.35557759 640.35557842
 640.35557926 640.35558009 640.35558093 640.35558176 640.3555826
 640.35558343 640.35558427 640.3555851  640.35558594 640.35558677
 640.35558761 640.35558844 640.35558928 640.35559011 640.35559095
 640.35559178 640.35559262 640.35559345 640.35559429 640.35559512
 640.35559596 640.35559679 640.35559763 640.35559846 640.3555993 ]
