3.900000000000000000e+01 4.000000000000000000e+01 3.200000000000000000e+01 3.000000000000000000e+01 4.000000000000000000e+01 4.200000000000000000e+01 3.500000000000000000e+01 2.900000000000000000e+01 3.100000000000000000e+01 2.800000000000000000e+01 3.800000000000000000e+01 3.600000000000000000e+01 4.000000000000000000e+01 3.100000000000000000e+01 3.700000000000000000e+01 4.000000000000000000e+01 4.000000000000000000e+01 3.900000000000000000e+01 2.500000000000000000e+01 3.000000000000000000e+01 4.000000000000000000e+01 3.000000000000000000e+01 2.200000000000000000e+01 3.000000000000000000e+01 3.800000000000000000e+01 2.800000000000000000e+01 3.100000000000000000e+01 3.500000000000000000e+01 3.900000000000000000e+01 3.500000000000000000e+01
3.766460913275659550e+01 3.396312101845069265e+01 3.206802476105076494e+01 3.500161778217807296e+01 3.394856667310159537e+01 3.505131283829359745e+01 3.444449156119662803e+01 3.526425639911030885e+01 3.226280675739690196e+01 3.038645753612945555e+01 3.395498522141133435e+01 3.528773772671775077e+01 3.604056586111073557e+01 3.362200172808479692e+01 3.601927618158515543e+01 3.303856150927549606e+01 3.740784170565893874e+01 3.303067147923866287e+01 3.170909482714705518e+01 2.998578475597605575e+01 3.539430263048780034e+01 3.134301652410067618e+01 3.195575066775199957e+01 3.319169617256557103e+01 3.645296336016326677e+01 3.508045422251598211e+01 3.388783350886660628e+01 3.431530867651508743e+01 3.426600260112900287e+01 3.478773831809303374e+01
3.512094680002810065e+01 3.372345197467578259e+01 3.260357930815450800e+01 3.478615834963638065e+01 3.279126149280079261e+01 3.519418565797725762e+01 3.412689226691513511e+01 3.386132478903270027e+01 3.359099058404412119e+01 3.276824657003329833e+01 3.445983392429468495e+01 3.478184262631948087e+01 3.510760996805336021e+01 3.426641534519627896e+01 3.411409455203767749e+01 3.287557231127940582e+01 3.586228070240324683e+01 3.281738354374755318e+01 3.319997659519927424e+01 3.225665820411898466e+01 3.418555177609071194e+01 3.227316627238742086e+01 3.349934312072016951e+01 3.378522142603465284e+01 3.404488845298924815e+01 3.582916839462794911e+01 3.410962872565733761e+01 3.480565575866512518e+01 3.288867606505678509e+01 3.366844214289450576e+01
3.426475967141199419e+01 3.385641557389187994e+01 3.310193916190673491e+01 3.429909991570614380e+01 3.306855583298154500e+01 3.507513357535014364e+01 3.358546306879043186e+01 3.345434780630107241e+01 3.404510205251256139e+01 3.361664779180983231e+01 3.448176460210734717e+01 3.447805182308789540e+01 3.415974533610166475e+01 3.430940246871853105e+01 3.357005607785391987e+01 3.353578146140090155e+01 3.469331649137068752e+01 3.309055217222911693e+01 3.366513751449575409e+01 3.331089056331437348e+01 3.396145062269790316e+01 3.303175054737025107e+01 3.392095870349876918e+01 3.415134208211767941e+01 3.335395163396657381e+01 3.511213197195880298e+01 3.448407930804285826e+01 3.421972843846466361e+01 3.301591596342240109e+01 3.346875237588099594e+01
3.403791054595591703e+01 3.405268259683401766e+01 3.345268044687604458e+01 3.394524938821852089e+01 3.346408080717517208e+01 3.469327874514941357e+01 3.351700096406615614e+01 3.353157035244174011e+01 3.397599169884349379e+01 3.393845911765625090e+01 3.425870136092045470e+01 3.432352325515928015e+01 3.369779753810148293e+01 3.400588400075960038e+01 3.353702895203697665e+01 3.382251794025999914e+01 3.411234052506396353e+01 3.341592181307000686e+01 3.382815595127492259e+01 3.376854615714040619e+01 3.400373685348522201e+01 3.353583678372891796e+01 3.400129194673876754e+01 3.433846901576038135e+01 3.343863329215383118e+01 3.450201084911741134e+01 3.452277584947417921e+01 3.377350363104732622e+01 3.331023711955023003e+01 3.361955759171315350e+01
3.403248642459199402e+01 3.417001198127890405e+01 3.365800217548785866e+01 3.378115331230087293e+01 3.370162675630749050e+01 3.435972466356777488e+01 3.361446184301993867e+01 3.366087374080510841e+01 3.382260269237706041e+01 3.401784741549153068e+01 3.403635415029771849e+01 3.423956355228077797e+01 3.360639626453318130e+01 3.378080947234127507e+01 3.367115648183371945e+01 3.383936280468652313e+01 3.390632784647907982e+01 3.368141313426827566e+01 3.390332814982509291e+01 3.389625425007394455e+01 3.408986390969818814e+01 3.382279474046843859e+01 3.393103549032869637e+01 3.433284409554245542e+01 3.362966016085198362e+01 3.417350471223080888e+01 3.437050881692859150e+01 3.364011769205703217e+01 3.356940876384499006e+01 3.382928917999154805e+01
3.407501025676366169e+01 3.418737282623412455e+01 3.376263921858581796e+01 3.375893049414700187e+01 3.379362393916981233e+01 3.415600161205590979e+01 3.370059740402266613e+01 3.373325220096638333e+01 3.373971646162345905e+01 3.400169269735608424e+01 3.390957291794352102e+01 3.418334828662695912e+01 3.366253326241889710e+01 3.370580131362336829e+01 3.381376485643703234e+01 3.378804555979178303e+01 3.388567970508509575e+01 3.383942213430886170e+01 3.394347845417137677e+01 3.388534647903718167e+01 3.413257767074377114e+01 3.393977776635681209e+01 3.385699985701289449e+01 3.423814845333988188e+01 3.374421854891185291e+01 3.404339695357865025e+01 3.419762844241415678e+01 3.365986731463040371e+01 3.374274322995345443e+01 3.397057905015833512e+01
3.409657917274789440e+01 3.414665003955543199e+01 3.381164296013952253e+01 3.379869879793925946e+01 3.381349880087074666e+01 3.405923291655557961e+01 3.374544894289171282e+01 3.376183928707992976e+01 3.372517376790281673e+01 3.396858471182767403e+01 3.387052502631682671e+01 3.413732783927864745e+01 3.373699795478579944e+01 3.371567708913109129e+01 3.390332024639170072e+01 3.375553903645545972e+01 3.392457655293684127e+01 3.390621196002595639e+01 3.396273134146940720e+01 3.385138593270618657e+01 3.412563088382935206e+01 3.396012558302714268e+01 3.382667201400814605e+01 3.413667993707793613e+01 3.378853461261400781e+01 3.401242873092297714e+01 3.407667540609293155e+01 3.371264911127247643e+01 3.383397417522888162e+01 3.402496115059905435e+01
3.408765892881047677e+01 3.409069975889342174e+01 3.383530284114444697e+01 3.384503983966758511e+01 3.381368732141203992e+01 3.402296658990843525e+01 3.376601205915227411e+01 3.377392334876344648e+01 3.374291122576981650e+01 3.394649582535460297e+01 3.387740980807301838e+01 3.409694074664364649e+01 3.378834198340426553e+01 3.375033040656393979e+01 3.393943595624992327e+01 3.375248345410420114e+01 3.396008904546012985e+01 3.392149684447288394e+01 3.396821907106182437e+01 3.383470059449586387e+01 3.409172973362339576e+01 3.394504103388295846e+01 3.383034781800049728e+01 3.406285386462059961e+01 3.380094686197868015e+01 3.401312739565062060e+01 3.401296398798015019e+01 3.375501619493125105e+01 3.387154271926389271e+01 3.402305006583293334e+01
3.406112517839230236e+01 3.404301159472822746e+01 3.384912364481911595e+01 3.387642661792136067e+01 3.381562796014382144e+01 3.401046011418907966e+01 3.377885188445740994e+01 3.378398600090784498e+01 3.376807840452209319e+01 3.393713551158982966e+01 3.389606174350676326e+01 3.406223123885004611e+01 3.381633350037520103e+01 3.378236970033170650e+01 3.394373488755110202e+01 3.376626457938682790e+01 3.397461668963079262e+01 3.391736494389466117e+01 3.396567314142991734e+01 3.383624710575928418e+01 3.405263103735060071e+01 3.392693323924152793e+01 3.384724068327007984e+01 3.401912605819384794e+01 3.380601531156126072e+01 3.401364353442510691e+01 3.398628695723279947e+01 3.378221126580986322e+01 3.388320489788154077e+01 3.399936431331227027e+01
3.403098011592872751e+01 3.400984774940079092e+01 3.385925003873541783e+01 3.389189609757421096e+01 3.382292858385567058e+01 3.400226243717720820e+01 3.379120174569395374e+01 3.379587129087253317e+01 3.379060033525726681e+01 3.393448844279178189e+01 3.391025460455154672e+01 3.403363314619445390e+01 3.383086088410799164e+01 3.380555855620651329e+01 3.393596237167687235e+01 3.378516472499944001e+01 3.397231636674926847e+01 3.391046757550302004e+01 3.395941551666607694e+01 3.384657403245579133e+01 3.401979397208466338e+01 3.391590987550146963e+01 3.386398183772367076e+01 3.399556536894668568e+01 3.381273320232664759e+01 3.400597177877338595e+01 3.397604592378574040e+01 3.379990229012568648e+01 3.388602018789337222e+01 3.397477304002176623e+01
3.400504000962261131e+01 3.398860768040327685e+01 3.386747508830214315e+01 3.389735477997522395e+01 3.383322321787785114e+01 3.399206085765922580e+01 3.380433337743932753e+01 3.380897612212850589e+01 3.380851231047221717e+01 3.393343062643259600e+01 3.391665612648979788e+01 3.401077011172359477e+01 3.383982544970204742e+01 3.382161533664417874e+01 3.392700795231863964e+01 3.380323295191703892e+01 3.396227170528742789e+01 3.390619815330849462e+01 3.395212545871025611e+01 3.385818485699080327e+01 3.399586237217009455e+01 3.391145939265660303e+01 3.387585815985350735e+01 3.398191553761762407e+01 3.382205637736045389e+01 3.399260293522295484e+01 3.396991696455583565e+01 3.381318969122620643e+01 3.388738708647783682e+01 3.395674781427856459e+01
3.398534571932267312e+01 3.397458030667407058e+01 3.387415603965992261e+01 3.389838673387875900e+01 3.384382976313176528e+01 3.398000236449296807e+01 3.381745143264578246e+01 3.382189271355249360e+01 3.382264416374710692e+01 3.393164755571127245e+01 3.391744705501554336e+01 3.399264829608522120e+01 3.384716177588209973e+01 3.383343648737999132e+01 3.392056861405842483e+01 3.381861184264247555e+01 3.395108965157858449e+01 3.390465593255323284e+01 3.394513001017228504e+01 3.386772686724469850e+01 3.397911994272185865e+01 3.391041400579901222e+01 3.388299083999067562e+01 3.397186309855231912e+01 3.383250254312729055e+01 3.397791345316295519e+01 3.396322104396775643e+01 3.382463336482532412e+01 3.388925980625481316e+01 3.394530405041844290e+01
3.397092028887542625e+01 3.396415663114964900e+01 3.387942511943061419e+01 3.389824190236242885e+01 3.385327405957453095e+01 3.396790584154722836e+01 3.382964107540203003e+01 3.383366724927039115e+01 3.383417195962729096e+01 3.392882367384813591e+01 3.391562576772390258e+01 3.397813963425634398e+01 3.385411891224701719e+01 3.384299172852550441e+01 3.391670380103899873e+01 3.383129656816365127e+01 3.394170486527598030e+01 3.390453147177330351e+01 3.393890899993094479e+01 3.387463306167519761e+01 3.396693967767383526e+01 3.391032091109265423e+01 3.388702246416644215e+01 3.396280920484573329e+01 3.384262752359024518e+01 3.396472241724986674e+01 3.395549113335305691e+01 3.383505265427731246e+01 3.389150797332506926e+01 3.393809371944516329e+01
3.396004663524477962e+01 3.395544051412558417e+01 3.388349609449487332e+01 3.389820518614925504e+01 3.386113456702118185e+01 3.395711554732913839e+01 3.384041499224697702e+01 3.384392524019769155e+01 3.384391165235860655e+01 3.392544751508143719e+01 3.391321126472123382e+01 3.396629820611423156e+01 3.386074964215992367e+01 3.385122992485570137e+01 3.391441124546420127e+01 3.384180801620301082e+01 3.393461707093606350e+01 3.390475595748940663e+01 3.393352772731760325e+01 3.387948645737591136e+01 3.395734897951454911e+01 3.391005323773700297e+01 3.388945958581351192e+01 3.395425012772467710e+01 3.385165073185271467e+01 3.395396624267546315e+01 3.394762123360084871e+01 3.384451827099176313e+01 3.389363878155723597e+01 3.393299489983087369e+01
3.395136027248869937e+01 3.394773974290900753e+01 3.388664059015555097e+01 3.389850222292391635e+01 3.386753888332108886e+01 3.394810013457065168e+01 3.384967343325671862e+01 3.385266741842307425e+01 3.385230655438205360e+01 3.392206237839450012e+01 3.391110048505483832e+01 3.395645198275347099e+01 3.386680978297363964e+01 3.385849121063669998e+01 3.391281668947465988e+01 3.385065198417163401e+01 3.392932540745029257e+01 3.390483497068155572e+01 3.392890312318979795e+01 3.388303797111768745e+01 3.394928088993597015e+01 3.390938631585702723e+01 3.389121337063065909e+01 3.394640779603616920e+01 3.385935263395113282e+01 3.394546761226986575e+01 3.394043061119391780e+01 3.385293065179578065e+01 3.389536890887517728e+01 3.392880632369216443e+01
3.394407087171290271e+01 3.394091801697874899e+01 3.388911181611663181e+01 3.389898807325541696e+01 3.387278337384879734e+01 3.394074886162474058e+01 3.385753202346360524e+01 3.386006279788084328e+01 3.385957846502702751e+01 3.391899586978551184e+01 3.390948740190651023e+01 3.394816094845080556e+01 3.387212588063335517e+01 3.386486624297260306e+01 3.391145705422910339e+01 3.385818692544206954e+01 3.392519723654702091e+01 3.390467902356795804e+01 3.392492767706698231e+01 3.388583154237610273e+01 3.394229045986605087e+01 3.390847015852022395e+01 3.389268929375364792e+01 3.393952588831097472e+01 3.386581943909101255e+01 3.393868664542755909e+01 3.393428169621902413e+01 3.386024494443930166e+01 3.389665865825472224e+01 3.392506712381802458e+01
3.393780658215101909e+01 3.393497969040914342e+01 3.389110320546261335e+01 3.389949174405563781e+01 3.387714462617700661e+01 3.393473797961728877e+01 3.386418313441479455e+01 3.386631989816952171e+01 3.386585522491443356e+01 3.391636070495900412e+01 3.390827700092047792e+01 3.394113664636306282e+01 3.387666550162648349e+01 3.387039272589630201e+01 3.391018249821859598e+01 3.386464439754855249e+01 3.392179053808677480e+01 3.390436928765269897e+01 3.392150911229348509e+01 3.388816556099333610e+01 3.393622234683918037e+01 3.390750489032796366e+01 3.389400811235846334e+01 3.393366884181800458e+01 3.387124383375025616e+01 3.393312683541952168e+01 3.392917844461337751e+01 3.386650860436842692e+01 3.389759510406146603e+01 3.392169154443648438e+01
3.393240464039326554e+01 3.392990059605547515e+01 3.389274501981455501e+01 3.389992070701684668e+01 3.388082374775426331e+01 3.392975037436380603e+01 3.386982002468679553e+01 3.387162821007250102e+01 3.387123955072387815e+01 3.391414245702012664e+01 3.390732619231614109e+01 3.393517501307112383e+01 3.388049388525919170e+01 3.387512742657789033e+01 3.390899136118601831e+01 3.387018043759520936e+01 3.391887357268204539e+01 3.390400888879319297e+01 3.391857364920434037e+01 3.389017314875685827e+01 3.393100284007623202e+01 3.390661856714275046e+01 3.389517981577347427e+01 3.392875468140402262e+01 3.387581854701243600e+01 3.392845342552047327e+01 3.392496238143787224e+01 3.387183027409050595e+01 3.389829029625129664e+01 3.391870531417299617e+01
3.392777243406614929e+01 3.392560233173566075e+01 3.389411967820326765e+01 3.390025391011274536e+01 3.388395368725274182e+01 3.392555093932440968e+01 3.387460804772851475e+01 3.387614232877672293e+01 3.387583341430946149e+01 3.391227893463999976e+01 3.390653360375709013e+01 3.393011614787771890e+01 3.388371507988667730e+01 3.387915354468635343e+01 3.390791739294463980e+01 3.387491488428967301e+01 3.391634547015109291e+01 3.390366557128488267e+01 3.391605978128946219e+01 3.389190772465807555e+01 3.392655558585745723e+01 3.390585933928728224e+01 3.389619512397015200e+01 3.392463973369770258e+01 3.387969901478615498e+01 3.392447044818487711e+01 3.392145013106842555e+01 3.387634016708152274e+01 3.389883220417409149e+01 3.391612496397691245e+01
3.392382676282210952e+01 3.392197767031241540e+01 3.389527983698172164e+01 3.390050651537556803e+01 3.388662367012920384e+01 3.392198334562917950e+01 3.387868107321876465e+01 3.387998523535716799e+01 3.387973962622135105e+01 3.391070473904986926e+01 3.390584774307719584e+01 3.392582558662778069e+01 3.388643299020795752e+01 3.388256627464539861e+01 3.390698143244727447e+01 3.387895167599516810e+01 3.391416095157340038e+01 3.390336762822707328e+01 3.391391313328242774e+01 3.389339679937207706e+01 3.392278781897813644e+01 3.390522630017078143e+01 3.389705649751405758e+01 3.392117946291029540e+01 3.388300200497836556e+01 3.392106313519804672e+01 3.391849223660631907e+01 3.388016349835591257e+01 3.389927516053222689e+01 3.391393067187654253e+01
3.392048036379836162e+01 3.391891817438072820e+01 3.389626187509293942e+01 3.390070220035947557e+01 3.388889978837146799e+01 3.391894289071341007e+01 3.388214730918265616e+01 3.388325654248281182e+01 3.388305624211023570e+01 3.390936714918473882e+01 3.390524816185042312e+01 3.392218739087090995e+01 3.388873508916172739e+01 3.388545814949402768e+01 3.390618325473683825e+01 3.388238566907547522e+01 3.391228801892183498e+01 3.390311848677534101e+01 3.391208430777374616e+01 3.389466517348130736e+01 3.391960138802928526e+01 3.390469947994584743e+01 3.389777942616695583e+01 3.391825410992377243e+01 3.388581619252978783e+01 3.391815315080792459e+01 3.391598193474366241e+01 3.388340886256687412e+01 3.389964803848321395e+01 3.391207780149277085e+01
3.391764659256064363e+01 3.391632910471436446e+01 3.389709367111303351e+01 3.390086010390188420e+01 3.389083670969721851e+01 3.391635251824750696e+01 3.388509620276807510e+01 3.388603948572112756e+01 3.388587158141036326e+01 3.390822696238391387e+01 3.390472697103845690e+01 3.391910181446426265e+01 3.389069038154364932e+01 3.388791092312469999e+01 3.390550901625637437e+01 3.388530310412378554e+01 3.391069303840927063e+01 3.390291124978117665e+01 3.391052861203662872e+01 3.389574010417342009e+01 3.391690483666513245e+01 3.390425718925055065e+01 3.389838513067802950e+01 3.391577152501700709e+01 3.388821256090132295e+01 3.391567557688394885e+01 3.391384431841272828e+01 3.388616644869434680e+01 3.389996544036594628e+01 3.391051436170361200e+01
3.391524620209579410e+01 3.391413305652390875e+01 3.389779824304087441e+01 3.390099209391151192e+01 3.389248246356723371e+01 3.391414898423433755e+01 3.388760347138796902e+01 3.388840525664944892e+01 3.388826208818887409e+01 3.390725453547786117e+01 3.390427849810155436e+01 3.391648390735816321e+01 3.389235311028001263e+01 3.388999341923322817e+01 3.390494019995131225e+01 3.388778052917990635e+01 3.390933987278607020e+01 3.390273734422294183e+01 3.390920633434460996e+01 3.389664948967773483e+01 3.391461943970965365e+01 3.390388235880494250e+01 3.389889434091304565e+01 3.391366101490530127e+01 3.389025096178301055e+01 3.391357119977043055e+01 3.391202354633654181e+01 3.388851060295797168e+01 3.390023575181279369e+01 3.390919222732266292e+01
3.391321085329283136e+01 3.391226784019262652e+01 3.389839517238979738e+01 3.390110453403875113e+01 3.389387966656931894e+01 3.391227709551326797e+01 3.388973409648972535e+01 3.389041531009224428e+01 3.389029255549485953e+01 3.390642600641147197e+01 3.390389582770821875e+01 3.391426190101826421e+01 3.389376714262109402e+01 3.389176267230924822e+01 3.390445914522084792e+01 3.388988430148944531e+01 3.390819314440426524e+01 3.390258987520810763e+01 3.390808285071335604e+01 3.389741917534430371e+01 3.391267995395603663e+01 3.390356293716916269e+01 3.389932441969866517e+01 3.391186636707899993e+01 3.389198327027057189e+01 3.391178582209634840e+01 3.391047431028827930e+01 3.389050324214702670e+01 3.390046526512795566e+01 3.390807126654755876e+01
3.391148337727562989e+01 3.391068287824372618e+01 3.389890114701754698e+01 3.390120079886103355e+01 3.389506561687247199e+01 3.391068811180898024e+01 3.389154402291726598e+01 3.389212263749023890e+01 3.389201753979259024e+01 3.390572104838227574e+01 3.390357085763403688e+01 3.391237535773487366e+01 3.389496914103059311e+01 3.389326610707545484e+01 3.390405111938950000e+01 3.389167104702104893e+01 3.390722097147620673e+01 3.390246403491935467e+01 3.390712839144795510e+01 3.389807148363229317e+01 3.391103275910583648e+01 3.390329033470152353e+01 3.389968898035349554e+01 3.391034097049668361e+01 3.389345465472316477e+01 3.391027129416391972e+01 3.390915768450718559e+01 3.389219663846088082e+01 3.390065963734761567e+01 3.390711922411569645e+01
3.391001633637006307e+01 3.390933614378025140e+01 3.389933028435618212e+01 3.390128303853902025e+01 3.389607240050728620e+01 3.390933949869157971e+01 3.389308127361131540e+01 3.389357268809398960e+01 3.389348304601345774e+01 3.390512188697483253e+01 3.390329533678050922e+01 3.391077334816949218e+01 3.389599039706708794e+01 3.389454356657905976e+01 3.390370438250440088e+01 3.389318873703739143e+01 3.390639606834834296e+01 3.390235648112511768e+01 3.390631756394616048e+01 3.389862500495891595e+01 3.390963343278133379e+01 3.390305791298474958e+01 3.389999860645295371e+01 3.390904511335675409e+01 3.389470417099483512e+01 3.390898607690354538e+01 3.390803960604141309e+01 3.389363532865630901e+01 3.390082410050249706e+01 3.390631007813675524e+01
3.390877018198530379e+01 3.390819210520446347e+01 3.389969445416311800e+01 3.390135303002690392e+01 3.389692728909468400e+01 3.390819471905594895e+01 3.389438688021520818e+01 3.389480423456743807e+01 3.389472802557784092e+01 3.390461296186675355e+01 3.390306169881383624e+01 3.390941284991853877e+01 3.389685780622736644e+01 3.389562883008252925e+01 3.390340953637516463e+01 3.389447795497082438e+01 3.390569562320656871e+01 3.390226467535975274e+01 3.390562878141458469e+01 3.389909506835513042e+01 3.390844470981507897e+01 3.390286008788495309e+01 3.390026173712020352e+01 3.390794464025441357e+01 3.389576528264999666e+01 3.390789498091263710e+01 3.390709041266435264e+01 3.389485738322112951e+01 3.390096332388614542e+01 3.390562237904115506e+01
3.390771165391944209e+01 3.390722046149225122e+01 3.390000361820542452e+01 3.390141243546303684e+01 3.389765333761508259e+01 3.390722273554331423e+01 3.389549576860294167e+01 3.389585023822102983e+01 3.389578556853050628e+01 3.390418078398172241e+01 3.390286342254257335e+01 3.390825742754710603e+01 3.389759444727856419e+01 3.389655067381630005e+01 3.390315885537113871e+01 3.389557308262894253e+01 3.390510063724207868e+01 3.390218648320087880e+01 3.390504370511519738e+01 3.389949438650437941e+01 3.390743502426747114e+01 3.390269195216798437e+01 3.390048533313202483e+01 3.390701021707353391e+01 3.389666646985645571e+01 3.390696840189286121e+01 3.390628457783443395e+01 3.389589532229823732e+01 3.390108131159992411e+01 3.390503806765481443e+01
3.390681257897143297e+01 3.390639532826189395e+01 3.390026615136076060e+01 3.390146280421308944e+01 3.389827002585097659e+01 3.390639731318030670e+01 3.389643760452322141e+01 3.389673867714873268e+01 3.389668383035775889e+01 3.390381378497603038e+01 3.390269504363032382e+01 3.390727616930681165e+01 3.389822003366069936e+01 3.389733363663848564e+01 3.390294582359283737e+01 3.389650330268760570e+01 3.390459519251474774e+01 3.390212001035553868e+01 3.390454675064374612e+01 3.389983361809401430e+01 3.390657750937064918e+01 3.390254916976770971e+01 3.390067527910694167e+01 3.390621677949935986e+01 3.389743189165947257e+01 3.390618142244030508e+01 3.390560035150692642e+01 3.389677686333816808e+01 3.390118141301931587e+01 3.390454174992881065e+01
3.390604900201348926e+01 3.390569463213107326e+01 3.390048911735863157e+01 3.390150552060564593e+01 3.389879384130431106e+01 3.390569628578590056e+01 3.389723756786267472e+01 3.389749329446097192e+01 3.389744677119225003e+01 3.390350211691204407e+01 3.390255200860376306e+01 3.390644282632499085e+01 3.389875133673046292e+01 3.389799862258722385e+01 3.390276486628224717e+01 3.389729341554549791e+01 3.390416584695126545e+01 3.390206356449171210e+01 3.390412466921753065e+01 3.390012178170173485e+01 3.390584927616590249e+01 3.390242795550428667e+01 3.390083660443162472e+01 3.390554300921725428e+01 3.389808202702006668e+01 3.390551299629728987e+01 3.390501930122799479e+01 3.389752558129251980e+01 3.390126640668137981e+01 3.390412025548698693e+01
3.390540053453780445e+01 3.390509959466267276e+01 3.390067849256893595e+01 3.390154177554118320e+01 3.389923876714979656e+01 3.390510089311652564e+01 3.389791703269213485e+01 3.389813424638135331e+01 3.389809476910431130e+01 3.390323742541090724e+01 3.390243050103936184e+01 3.390573510330629858e+01 3.389920259252353674e+01 3.389856341253175742e+01 3.390261119741873586e+01 3.389796450615110501e+01 3.390380118591120606e+01 3.390201565644770909e+01 3.390376619651356549e+01 3.390036654579581210e+01 3.390523084278860466e+01 3.390232505266258300e+01 3.390097361252709618e+01 3.390497082009869700e+01 3.389863424544226689e+01 3.390494528484860126e+01 3.390452582881511745e+01 3.389816150197366795e+01 3.390133860452174019e+01 3.390376233172747789e+01
3.390484983262669516e+01 3.390459426779294461e+01 3.390083934422763434e+01 3.390157257135739854e+01 3.389961667888613306e+01 3.390459522616237820e+01 3.389849414855412846e+01 3.389867865107648015e+01 3.389864514357410030e+01 3.390301262792556969e+01 3.390232729605008899e+01 3.390513406378114070e+01 3.389958587671210211e+01 3.389904311344878352e+01 3.390248071836101218e+01 3.389853449822803100e+01 3.390349149317930966e+01 3.390197499925844937e+01 3.390346175695476205e+01 3.390057443956228411e+01 3.390470564895282735e+01 3.390223768773633850e+01 3.390108997462924378e+01 3.390448487884761875e+01 3.389910329161967439e+01 3.390446313562737402e+01 3.390410672449613827e+01 3.389870162779183005e+01 3.390139994489830855e+01 3.390345839212780277e+01
3.390438215558435076e+01 3.390416511726248672e+01 3.390097597353204151e+01 3.390159874580787402e+01 3.389993766778087547e+01 3.390416577557793687e+01 3.389898433121576460e+01 3.389914105010031165e+01 3.389911260718406538e+01 3.390282171629339558e+01 3.390223965281988683e+01 3.390462362587687295e+01 3.389991143473121582e+01 3.389945055314475297e+01 3.390236993321526171e+01 3.389901862305178781e+01 3.390322849713515296e+01 3.390194049490756356e+01 3.390320321276928439e+01 3.390075101891368803e+01 3.390425963084728522e+01 3.390216351017685525e+01 3.390118881223851588e+01 3.390407218133366030e+01 3.389950168963810029e+01 3.390405366768983697e+01 3.390375078548128585e+01 3.389916039398707426e+01 3.390145206461200900e+01 3.390320028895690996e+01
3.390398498381573944e+01 3.390380065771187645e+01 3.390109203289541284e+01 3.390162100071201934e+01 3.390021030913499089e+01 3.390380106299643614e+01 3.389940067610876895e+01 3.389953379698501834e+01 3.389950965493309809e+01 3.390265958934130452e+01 3.390216523641318958e+01 3.390419013298170370e+01 3.390018796358664588e+01 3.389979662271037597e+01 3.390227586960542538e+01 3.389942981984120252e+01 3.390300516196636238e+01 3.390191121249013406e+01 3.390298364991562607e+01 3.390090100640713899e+01 3.390388084947649361e+01 3.390210052973916532e+01 3.390127277397217398e+01 3.390372169135579128e+01 3.389984008004573468e+01 3.390370593181246051e+01 3.390344850025842049e+01 3.389955005835356872e+01 3.390149635205293066e+01 3.390298110604193482e+01
3.390364768754378844e+01 3.390349113977881501e+01 3.390119062393139160e+01 3.390163992738001753e+01 3.390044188849603302e+01 3.390349133515240965e+01 3.389975430759677266e+01 3.389986738594085125e+01 3.389984689787443273e+01 3.390252191346498023e+01 3.390210205776254782e+01 3.390382198812144310e+01 3.390042284899904956e+01 3.390009056982057700e+01 3.390219600441103154e+01 3.389977907853249661e+01 3.390281550860144222e+01 3.390188636394484689e+01 3.390279719516208701e+01 3.390102841286518043e+01 3.390355916970957395e+01 3.390204705960652376e+01 3.390134410572332513e+01 3.390342403765598789e+01 3.390012750305591993e+01 3.390341062434116282e+01 3.390319178852205084e+01 3.389988103145390141e+01 3.390153398709753674e+01 3.390279497443179935e+01
3.390336124184151601e+01 3.390322828513303932e+01 3.390127438035962371e+01 3.390165602657169330e+01 3.390063859427166904e+01 3.390322830607474458e+01 3.390005467508515125e+01 3.390015073094203046e+01 3.390013334747442286e+01 3.390240500638881116e+01 3.390204842425944776e+01 3.390350934303280184e+01 3.390062236449667665e+01 3.390034024787213696e+01 3.390212819673928379e+01 3.390007573269502217e+01 3.390265445906736375e+01 3.390186528150051970e+01 3.390263885992918347e+01 3.390113664332002230e+01 3.390328598632790147e+01 3.390200166822355499e+01 3.390140471234186492e+01 3.390317126039783346e+01 3.390037163832772649e+01 3.390315984268405458e+01 3.390297378488541113e+01 3.390016215581850645e+01 3.390156597263067795e+01 3.390263691281753466e+01
3.390311798353452843e+01 3.390300506305725037e+01 3.390134553851141419e+01 3.390166972363300602e+01 3.390080568221929980e+01 3.390300493773727197e+01 3.390030980466699617e+01 3.390039140313357535e+01 3.390037665714930171e+01 3.390230573943706105e+01 3.390200289717978421e+01 3.390324383411164177e+01 3.390079183915891292e+01 3.390055232691010900e+01 3.390207062958809558e+01 3.390032770911639659e+01 3.390251770171240508e+01 3.390184739846938555e+01 3.390250440722506653e+01 3.390122858841453279e+01 3.390305399179366219e+01 3.390196313954567842e+01 3.390145621031455647e+01 3.390295659806301387e+01 3.390057900892285403e+01 3.390294687567423892e+01 3.390278865679864850e+01 3.390040094226759493e+01 3.390159316071351725e+01 3.390250269185474963e+01
3.390291140491203237e+01 3.390281550189450144e+01 3.390140599732252014e+01 3.390168138022163902e+01 3.390094761578217231e+01 3.390281525285974595e+01 3.390052651317417087e+01 3.390059583284427447e+01 3.390058332716181866e+01 3.390222145470704618e+01 3.390196425449234852e+01 3.390301835833155053e+01 3.390093579960731773e+01 3.390073247219468300e+01 3.390202176022778957e+01 3.390054173998013454e+01 3.390240157554111988e+01 3.390183223343072427e+01 3.390239023845029465e+01 3.390130670244617050e+01 3.390285697983058100e+01 3.390193044021467728e+01 3.390149997209759647e+01 3.390277430727373087e+01 3.390075515504342718e+01 3.390276602426645525e+01 3.390263144994975164e+01 3.390060377032561689e+01 3.390161627492486218e+01 3.390238871970730372e+01
3.390273597901568081e+01 3.390265452948404601e+01 3.390145736931891207e+01 3.390169130380181883e+01 3.390106818555828028e+01 3.390265417526315872e+01 3.390071059022813671e+01 3.390076948139416402e+01 3.390075887843885738e+01 3.390214989455459005e+01 3.390193145853435652e+01 3.390282688310469439e+01 3.390105809059218700e+01 3.390088549556872977e+01 3.390198027840342831e+01 3.390072354302395041e+01 3.390230297170541007e+01 3.390181937722411476e+01 3.390229329720938267e+01 3.390137306957114305e+01 3.390268967919963217e+01 3.390190269213274377e+01 3.390153716330139844e+01 3.390261950982480244e+01 3.390090478195939738e+01 3.390261244876139557e+01 3.390249795652496090e+01 3.390077605843501374e+01 3.390163592958226246e+01 3.390229194555793413e+01
