2.359641902148723602e-02 0.000000000000000000e+00 9.047161042690277100e-02 2.899484522640705109e-02 0.000000000000000000e+00 1.060358900576829910e-02 0.000000000000000000e+00 0.000000000000000000e+00 0.000000000000000000e+00 9.428951144218444824e-02 9.390126168727874756e-02 6.255836039781570435e-02 1.860465155914425850e-03 5.384006351232528687e-02 7.252946496009826660e-03 0.000000000000000000e+00 0.000000000000000000e+00 4.556720554828643799e-01 0.000000000000000000e+00 1.500441320240497589e-02 5.385556817054748535e-02 0.000000000000000000e+00 8.802817016839981079e-02 4.171240329742431641e-02 0.000000000000000000e+00 1.082390919327735901e-01 0.000000000000000000e+00 0.000000000000000000e+00 8.032128680497407913e-04 0.000000000000000000e+00 0.000000000000000000e+00 8.482563309371471405e-03 0.000000000000000000e+00 1.225490239448845387e-03 0.000000000000000000e+00 5.724197626113891602e-02 2.169898450374603271e-01 3.275109222158789635e-03 5.405405536293983459e-03 6.178287789225578308e-03
0.000000000000000000e+00 1.323407739400863647e-01 0.000000000000000000e+00 0.000000000000000000e+00 0.000000000000000000e+00 0.000000000000000000e+00 0.000000000000000000e+00 4.282868653535842896e-02 3.528528660535812378e-02 0.000000000000000000e+00 0.000000000000000000e+00 0.000000000000000000e+00 3.906976804137229919e-02 0.000000000000000000e+00 3.354487940669059753e-02 6.690908968448638916e-02 6.097561120986938477e-02 0.000000000000000000e+00 1.276794075965881348e-01 0.000000000000000000e+00 0.000000000000000000e+00 0.000000000000000000e+00 0.000000000000000000e+00 0.000000000000000000e+00 9.894920885562896729e-02 0.000000000000000000e+00 2.287581712007522583e-01 0.000000000000000000e+00 6.345381587743759155e-02 0.000000000000000000e+00 1.220183521509170532e-01 0.000000000000000000e+00 2.982107363641262054e-02 3.676470601931214333e-03 2.502606809139251709e-02 0.000000000000000000e+00 0.000000000000000000e+00 0.000000000000000000e+00 0.000000000000000000e+00 0.000000000000000000e+00
6.834825128316879272e-02 0.000000000000000000e+00 3.185755610466003418e-01 0.000000000000000000e+00 1.345291454344987869e-02 7.340946234762668610e-03 4.417293146252632141e-02 0.000000000000000000e+00 0.000000000000000000e+00 3.054448962211608887e-02 0.000000000000000000e+00 3.734827274456620216e-03 0.000000000000000000e+00 0.000000000000000000e+00 0.000000000000000000e+00 0.000000000000000000e+00 0.000000000000000000e+00 3.527168557047843933e-02 0.000000000000000000e+00 2.912621386349201202e-02 4.528763890266418457e-02 0.000000000000000000e+00 2.241784036159515381e-01 0.000000000000000000e+00 0.000000000000000000e+00 0.000000000000000000e+00 0.000000000000000000e+00 1.406799536198377609e-02 0.000000000000000000e+00 0.000000000000000000e+00 0.000000000000000000e+00 6.503298878669738770e-02 0.000000000000000000e+00 3.676470601931214333e-03 0.000000000000000000e+00 1.595836877822875977e-01 7.202216237783432007e-02 7.532750815153121948e-02 0.000000000000000000e+00 5.913503840565681458e-02
7.160292565822601318e-02 1.654259744100272655e-03 0.000000000000000000e+00 0.000000000000000000e+00 4.372197389602661133e-02 6.035888940095901489e-02 1.879699295386672020e-03 1.513944268226623535e-01 0.000000000000000000e+00 2.124834060668945312e-02 0.000000000000000000e+00 2.801120514050126076e-03 4.186046496033668518e-02 2.533650025725364685e-02 9.066183120012283325e-03 0.000000000000000000e+00 1.056910604238510132e-01 0.000000000000000000e+00 6.523765157908201218e-03 3.618711233139038086e-02 0.000000000000000000e+00 0.000000000000000000e+00 0.000000000000000000e+00 0.000000000000000000e+00 0.000000000000000000e+00 0.000000000000000000e+00 2.178649231791496277e-02 3.751465305685997009e-02 4.819277208298444748e-03 0.000000000000000000e+00 2.110091783106327057e-02 0.000000000000000000e+00 8.051689714193344116e-02 0.000000000000000000e+00 2.398331612348556519e-01 7.805724162608385086e-03 0.000000000000000000e+00 0.000000000000000000e+00 1.630630642175674438e-01 0.000000000000000000e+00
0.000000000000000000e+00 4.962779115885496140e-03 0.000000000000000000e+00 5.605670064687728882e-02 0.000000000000000000e+00 0.000000000000000000e+00 0.000000000000000000e+00 5.976095795631408691e-03 1.914414465427398682e-01 0.000000000000000000e+00 0.000000000000000000e+00 6.535947788506746292e-03 8.372092619538307190e-03 0.000000000000000000e+00 1.269265636801719666e-02 1.890909075736999512e-01 0.000000000000000000e+00 0.000000000000000000e+00 1.397949643433094025e-02 0.000000000000000000e+00 3.671970684081315994e-03 0.000000000000000000e+00 3.521126694977283478e-03 1.097694854252040386e-03 1.576182097196578979e-01 8.804523199796676636e-02 0.000000000000000000e+00 0.000000000000000000e+00 2.409638604149222374e-03 0.000000000000000000e+00 0.000000000000000000e+00 0.000000000000000000e+00 0.000000000000000000e+00 1.299019604921340942e-01 0.000000000000000000e+00 0.000000000000000000e+00 7.386888377368450165e-03 0.000000000000000000e+00 0.000000000000000000e+00 0.000000000000000000e+00
6.509357132017612457e-03 0.000000000000000000e+00 0.000000000000000000e+00 2.036082446575164795e-01 0.000000000000000000e+00 1.631321385502815247e-03 0.000000000000000000e+00 0.000000000000000000e+00 0.000000000000000000e+00 1.859229803085327148e-02 2.032913826406002045e-02 6.629318743944168091e-02 2.790697617456316948e-03 1.227236762642860413e-01 8.159564808011054993e-03 3.636363521218299866e-02 0.000000000000000000e+00 8.484270423650741577e-02 0.000000000000000000e+00 2.294792607426643372e-02 2.447980456054210663e-03 0.000000000000000000e+00 1.291079819202423096e-02 9.879253804683685303e-02 6.129597313702106476e-03 2.269790023565292358e-01 0.000000000000000000e+00 0.000000000000000000e+00 1.124497968703508377e-02 0.000000000000000000e+00 0.000000000000000000e+00 0.000000000000000000e+00 0.000000000000000000e+00 9.313725680112838745e-02 0.000000000000000000e+00 6.071118637919425964e-03 4.339796677231788635e-02 0.000000000000000000e+00 1.891891844570636749e-02 0.000000000000000000e+00
0.000000000000000000e+00 0.000000000000000000e+00 3.561116382479667664e-02 0.000000000000000000e+00 0.000000000000000000e+00 0.000000000000000000e+00 1.879699295386672020e-03 0.000000000000000000e+00 0.000000000000000000e+00 4.116865992546081543e-02 4.453049227595329285e-02 1.307189557701349258e-02 0.000000000000000000e+00 0.000000000000000000e+00 0.000000000000000000e+00 0.000000000000000000e+00 0.000000000000000000e+00 6.863679736852645874e-02 0.000000000000000000e+00 1.765225082635879517e-03 8.567931503057479858e-02 1.030927803367376328e-02 1.525821536779403687e-01 4.061470925807952881e-02 0.000000000000000000e+00 1.373182516545057297e-02 0.000000000000000000e+00 0.000000000000000000e+00 0.000000000000000000e+00 1.450653970241546631e-01 0.000000000000000000e+00 2.148916125297546387e-01 0.000000000000000000e+00 0.000000000000000000e+00 0.000000000000000000e+00 2.254986949265003204e-02 2.493074722588062286e-02 4.366812296211719513e-03 0.000000000000000000e+00 5.075021982192993164e-01
0.000000000000000000e+00 7.526881992816925049e-02 0.000000000000000000e+00 0.000000000000000000e+00 1.491031348705291748e-01 7.911908626556396484e-02 0.000000000000000000e+00 0.000000000000000000e+00 0.000000000000000000e+00 3.452855348587036133e-02 0.000000000000000000e+00 1.746031790971755981e-01 1.674418523907661438e-02 0.000000000000000000e+00 1.133272871375083923e-01 2.690909057855606079e-02 0.000000000000000000e+00 0.000000000000000000e+00 0.000000000000000000e+00 2.568402588367462158e-01 0.000000000000000000e+00 0.000000000000000000e+00 0.000000000000000000e+00 0.000000000000000000e+00 8.756567258387804031e-04 1.857835240662097931e-02 0.000000000000000000e+00 0.000000000000000000e+00 1.469879448413848877e-01 0.000000000000000000e+00 7.064220309257507324e-02 0.000000000000000000e+00 8.946321904659271240e-03 7.107843458652496338e-02 7.090719789266586304e-02 7.805724162608385086e-03 9.233610471710562706e-04 0.000000000000000000e+00 0.000000000000000000e+00 0.000000000000000000e+00
8.136696415022015572e-04 2.894954569637775421e-02 0.000000000000000000e+00 0.000000000000000000e+00 4.932735487818717957e-02 0.000000000000000000e+00 1.879699295386672020e-03 5.278884619474411011e-02 0.000000000000000000e+00 0.000000000000000000e+00 0.000000000000000000e+00 0.000000000000000000e+00 5.488372221589088440e-02 0.000000000000000000e+00 3.535811603069305420e-02 0.000000000000000000e+00 3.211382031440734863e-01 0.000000000000000000e+00 2.050326205790042877e-02 4.413062706589698792e-03 0.000000000000000000e+00 0.000000000000000000e+00 0.000000000000000000e+00 0.000000000000000000e+00 0.000000000000000000e+00 0.000000000000000000e+00 1.840958595275878906e-01 2.344665816053748131e-03 9.879518300294876099e-02 0.000000000000000000e+00 9.174311999231576920e-04 0.000000000000000000e+00 3.469184935092926025e-01 0.000000000000000000e+00 2.398331649601459503e-02 0.000000000000000000e+00 0.000000000000000000e+00 0.000000000000000000e+00 1.351351384073495865e-02 0.000000000000000000e+00
0.000000000000000000e+00 0.000000000000000000e+00 9.624639060348272324e-04 2.139175236225128174e-01 0.000000000000000000e+00 0.000000000000000000e+00 0.000000000000000000e+00 1.992031931877136230e-03 0.000000000000000000e+00 0.000000000000000000e+00 3.581800684332847595e-02 0.000000000000000000e+00 0.000000000000000000e+00 8.076009154319763184e-02 0.000000000000000000e+00 6.545454729348421097e-03 0.000000000000000000e+00 2.859866619110107422e-02 0.000000000000000000e+00 0.000000000000000000e+00 0.000000000000000000e+00 0.000000000000000000e+00 0.000000000000000000e+00 3.732162415981292725e-01 0.000000000000000000e+00 8.885298855602741241e-03 0.000000000000000000e+00 0.000000000000000000e+00 0.000000000000000000e+00 1.664684899151325226e-02 0.000000000000000000e+00 0.000000000000000000e+00 0.000000000000000000e+00 0.000000000000000000e+00 0.000000000000000000e+00 0.000000000000000000e+00 0.000000000000000000e+00 0.000000000000000000e+00 0.000000000000000000e+00 0.000000000000000000e+00
1.464605331420898438e-01 0.000000000000000000e+00 6.737247575074434280e-03 0.000000000000000000e+00 5.156950652599334717e-02 3.099510632455348969e-02 2.161654084920883179e-01 0.000000000000000000e+00 0.000000000000000000e+00 2.257636189460754395e-02 0.000000000000000000e+00 0.000000000000000000e+00 0.000000000000000000e+00 3.167062532156705856e-03 0.000000000000000000e+00 0.000000000000000000e+00 0.000000000000000000e+00 0.000000000000000000e+00 0.000000000000000000e+00 0.000000000000000000e+00 6.976744532585144043e-02 0.000000000000000000e+00 2.230046875774860382e-02 0.000000000000000000e+00 0.000000000000000000e+00 0.000000000000000000e+00 0.000000000000000000e+00 1.430246233940124512e-01 0.000000000000000000e+00 0.000000000000000000e+00 0.000000000000000000e+00 1.696512661874294281e-02 2.385685965418815613e-02 0.000000000000000000e+00 1.251303404569625854e-02 4.423243552446365356e-02 2.770083025097846985e-03 2.259825319051742554e-01 3.423423320055007935e-02 0.000000000000000000e+00
4.149715229868888855e-02 0.000000000000000000e+00 0.000000000000000000e+00 4.445876181125640869e-02 0.000000000000000000e+00 4.975530132651329041e-02 0.000000000000000000e+00 5.378486216068267822e-02 0.000000000000000000e+00 0.000000000000000000e+00 1.936108455993235111e-03 7.469654548913240433e-03 0.000000000000000000e+00 1.441013514995574951e-01 0.000000000000000000e+00 3.927272558212280273e-02 0.000000000000000000e+00 0.000000000000000000e+00 1.397949643433094025e-02 7.060900330543518066e-03 0.000000000000000000e+00 0.000000000000000000e+00 0.000000000000000000e+00 0.000000000000000000e+00 0.000000000000000000e+00 0.000000000000000000e+00 1.089324592612683773e-03 0.000000000000000000e+00 0.000000000000000000e+00 0.000000000000000000e+00 5.504587292671203613e-02 0.000000000000000000e+00 0.000000000000000000e+00 0.000000000000000000e+00 3.649634867906570435e-02 8.673027041368186474e-04 2.770083025097846985e-03 0.000000000000000000e+00 1.648648679256439209e-01 0.000000000000000000e+00
0.000000000000000000e+00 0.000000000000000000e+00 0.000000000000000000e+00 0.000000000000000000e+00 0.000000000000000000e+00 0.000000000000000000e+00 0.000000000000000000e+00 2.988047897815704346e-03 6.981982290744781494e-02 0.000000000000000000e+00 0.000000000000000000e+00 0.000000000000000000e+00 7.441860623657703400e-03 0.000000000000000000e+00 0.000000000000000000e+00 2.181818243116140366e-03 2.710027154535055161e-03 0.000000000000000000e+00 3.187325298786163330e-01 0.000000000000000000e+00 0.000000000000000000e+00 0.000000000000000000e+00 0.000000000000000000e+00 0.000000000000000000e+00 1.225919462740421295e-02 0.000000000000000000e+00 1.590413898229598999e-01 0.000000000000000000e+00 0.000000000000000000e+00 0.000000000000000000e+00 1.834862399846315384e-03 0.000000000000000000e+00 1.590457186102867126e-02 0.000000000000000000e+00 0.000000000000000000e+00 0.000000000000000000e+00 0.000000000000000000e+00 0.000000000000000000e+00 0.000000000000000000e+00 0.000000000000000000e+00
1.098453998565673828e-01 0.000000000000000000e+00 1.251203101128339767e-02 0.000000000000000000e+00 5.829596519470214844e-02 2.030995041131973267e-01 3.289473801851272583e-02 7.968127727508544922e-03 0.000000000000000000e+00 2.071713209152221680e-01 0.000000000000000000e+00 7.843137532472610474e-02 2.790697617456316948e-03 0.000000000000000000e+00 8.159564808011054993e-03 0.000000000000000000e+00 1.219512149691581726e-02 1.906577730551362038e-03 0.000000000000000000e+00 4.060017690062522888e-02 4.895960912108421326e-03 0.000000000000000000e+00 3.521126694977283478e-03 0.000000000000000000e+00 0.000000000000000000e+00 2.100161463022232056e-02 0.000000000000000000e+00 3.516998840495944023e-03 0.000000000000000000e+00 0.000000000000000000e+00 2.018348686397075653e-02 0.000000000000000000e+00 3.479125350713729858e-02 0.000000000000000000e+00 7.612095773220062256e-02 1.326973140239715576e-01 1.486611217260360718e-01 6.004366651177406311e-02 3.153153136372566223e-02 0.000000000000000000e+00
0.000000000000000000e+00 1.654259744100272655e-03 0.000000000000000000e+00 5.154639016836881638e-03 0.000000000000000000e+00 0.000000000000000000e+00 0.000000000000000000e+00 0.000000000000000000e+00 4.384384453296661377e-01 0.000000000000000000e+00 0.000000000000000000e+00 0.000000000000000000e+00 0.000000000000000000e+00 0.000000000000000000e+00 0.000000000000000000e+00 1.163636334240436554e-02 0.000000000000000000e+00 0.000000000000000000e+00 1.323392391204833984e-01 0.000000000000000000e+00 0.000000000000000000e+00 0.000000000000000000e+00 0.000000000000000000e+00 0.000000000000000000e+00 4.115586727857589722e-02 0.000000000000000000e+00 1.851851865649223328e-02 0.000000000000000000e+00 0.000000000000000000e+00 0.000000000000000000e+00 1.376146823167800903e-02 0.000000000000000000e+00 0.000000000000000000e+00 2.450980478897690773e-03 0.000000000000000000e+00 0.000000000000000000e+00 0.000000000000000000e+00 0.000000000000000000e+00 0.000000000000000000e+00 0.000000000000000000e+00
8.136696415022015572e-04 4.714640229940414429e-02 0.000000000000000000e+00 0.000000000000000000e+00 1.715246587991714478e-01 7.911908626556396484e-02 0.000000000000000000e+00 5.378486216068267822e-02 0.000000000000000000e+00 1.593625545501708984e-02 0.000000000000000000e+00 9.056956321001052856e-02 7.441860623657703400e-03 0.000000000000000000e+00 3.989120572805404663e-02 0.000000000000000000e+00 1.829268336296081543e-01 0.000000000000000000e+00 2.050326205790042877e-02 9.267431497573852539e-02 0.000000000000000000e+00 0.000000000000000000e+00 0.000000000000000000e+00 0.000000000000000000e+00 0.000000000000000000e+00 0.000000000000000000e+00 2.614379115402698517e-02 0.000000000000000000e+00 1.180722862482070923e-01 0.000000000000000000e+00 9.724770486354827881e-02 0.000000000000000000e+00 5.964214727282524109e-02 0.000000000000000000e+00 2.241918593645095825e-01 2.254986949265003204e-02 0.000000000000000000e+00 0.000000000000000000e+00 1.171171199530363083e-02 0.000000000000000000e+00
0.000000000000000000e+00 1.861042231321334839e-01 0.000000000000000000e+00 0.000000000000000000e+00 1.457399129867553711e-02 1.631321385502815247e-03 0.000000000000000000e+00 0.000000000000000000e+00 2.927927859127521515e-02 3.851261734962463379e-02 0.000000000000000000e+00 6.442577391862869263e-02 1.051162779331207275e-01 0.000000000000000000e+00 1.087941974401473999e-01 3.709090873599052429e-02 0.000000000000000000e+00 0.000000000000000000e+00 9.319664677605032921e-04 8.649602532386779785e-02 1.101591158658266068e-02 0.000000000000000000e+00 0.000000000000000000e+00 0.000000000000000000e+00 1.567425578832626343e-01 8.885298855602741241e-03 0.000000000000000000e+00 0.000000000000000000e+00 6.345381587743759155e-02 0.000000000000000000e+00 4.587155766785144806e-03 0.000000000000000000e+00 0.000000000000000000e+00 1.960784345865249634e-01 0.000000000000000000e+00 2.601908054202795029e-03 0.000000000000000000e+00 0.000000000000000000e+00 0.000000000000000000e+00 0.000000000000000000e+00
1.619202643632888794e-01 0.000000000000000000e+00 1.251203101128339767e-02 0.000000000000000000e+00 0.000000000000000000e+00 1.386623177677392960e-02 4.041353240609169006e-02 1.693227142095565796e-02 0.000000000000000000e+00 1.328021287918090820e-03 3.388189896941184998e-02 0.000000000000000000e+00 0.000000000000000000e+00 4.750593751668930054e-02 0.000000000000000000e+00 0.000000000000000000e+00 1.355013577267527580e-03 0.000000000000000000e+00 0.000000000000000000e+00 0.000000000000000000e+00 0.000000000000000000e+00 4.810996726155281067e-02 9.389671497046947479e-03 0.000000000000000000e+00 0.000000000000000000e+00 0.000000000000000000e+00 0.000000000000000000e+00 1.113716289401054382e-01 0.000000000000000000e+00 0.000000000000000000e+00 0.000000000000000000e+00 0.000000000000000000e+00 0.000000000000000000e+00 0.000000000000000000e+00 0.000000000000000000e+00 3.555941209197044373e-02 6.463527213782072067e-03 3.820960596203804016e-02 8.108107745647430420e-02 0.000000000000000000e+00
2.441009040921926498e-03 7.113316655158996582e-02 0.000000000000000000e+00 0.000000000000000000e+00 2.443946152925491333e-01 1.141924969851970673e-02 6.578947417438030243e-03 9.960159659385681152e-04 0.000000000000000000e+00 0.000000000000000000e+00 0.000000000000000000e+00 0.000000000000000000e+00 1.013953462243080139e-01 0.000000000000000000e+00 1.722574830055236816e-01 0.000000000000000000e+00 1.300812959671020508e-01 0.000000000000000000e+00 0.000000000000000000e+00 4.501323774456977844e-02 0.000000000000000000e+00 0.000000000000000000e+00 0.000000000000000000e+00 0.000000000000000000e+00 0.000000000000000000e+00 0.000000000000000000e+00 1.960784383118152618e-02 0.000000000000000000e+00 1.903614401817321777e-01 0.000000000000000000e+00 2.844036743044853210e-02 0.000000000000000000e+00 1.679920405149459839e-01 1.470588240772485733e-02 5.213764309883117676e-02 0.000000000000000000e+00 0.000000000000000000e+00 1.200873404741287231e-02 0.000000000000000000e+00 0.000000000000000000e+00
0.000000000000000000e+00 0.000000000000000000e+00 0.000000000000000000e+00 3.286082446575164795e-01 0.000000000000000000e+00 3.262642771005630493e-03 0.000000000000000000e+00 4.482071846723556519e-02 3.528528660535812378e-02 0.000000000000000000e+00 0.000000000000000000e+00 3.734827274456620216e-03 0.000000000000000000e+00 4.196357727050781250e-02 0.000000000000000000e+00 1.338181793689727783e-01 0.000000000000000000e+00 9.532888652756810188e-04 7.455731742084026337e-03 0.000000000000000000e+00 0.000000000000000000e+00 0.000000000000000000e+00 0.000000000000000000e+00 5.488474387675523758e-03 3.502626903355121613e-03 1.615508832037448883e-02 0.000000000000000000e+00 0.000000000000000000e+00 0.000000000000000000e+00 0.000000000000000000e+00 0.000000000000000000e+00 0.000000000000000000e+00 0.000000000000000000e+00 1.593137346208095551e-02 0.000000000000000000e+00 0.000000000000000000e+00 0.000000000000000000e+00 0.000000000000000000e+00 1.801801845431327820e-03 0.000000000000000000e+00
0.000000000000000000e+00 0.000000000000000000e+00 1.924927812069654465e-03 0.000000000000000000e+00 0.000000000000000000e+00 0.000000000000000000e+00 9.398496476933360100e-04 0.000000000000000000e+00 0.000000000000000000e+00 0.000000000000000000e+00 1.529525667428970337e-01 0.000000000000000000e+00 0.000000000000000000e+00 0.000000000000000000e+00 0.000000000000000000e+00 0.000000000000000000e+00 0.000000000000000000e+00 7.626310922205448151e-03 0.000000000000000000e+00 0.000000000000000000e+00 0.000000000000000000e+00 1.569301187992095947e-01 0.000000000000000000e+00 9.001097828149795532e-02 0.000000000000000000e+00 0.000000000000000000e+00 0.000000000000000000e+00 0.000000000000000000e+00 0.000000000000000000e+00 5.909631252288818359e-01 0.000000000000000000e+00 0.000000000000000000e+00 0.000000000000000000e+00 0.000000000000000000e+00 0.000000000000000000e+00 0.000000000000000000e+00 0.000000000000000000e+00 0.000000000000000000e+00 0.000000000000000000e+00 2.294792607426643372e-02
3.824247419834136963e-02 0.000000000000000000e+00 1.732435077428817749e-02 0.000000000000000000e+00 6.726457271724939346e-03 1.223491039127111435e-02 1.776315718889236450e-01 0.000000000000000000e+00 0.000000000000000000e+00 2.523240447044372559e-02 0.000000000000000000e+00 0.000000000000000000e+00 0.000000000000000000e+00 0.000000000000000000e+00 0.000000000000000000e+00 0.000000000000000000e+00 0.000000000000000000e+00 0.000000000000000000e+00 0.000000000000000000e+00 0.000000000000000000e+00 3.476132154464721680e-01 0.000000000000000000e+00 8.685445785522460938e-02 0.000000000000000000e+00 0.000000000000000000e+00 0.000000000000000000e+00 0.000000000000000000e+00 1.641266047954559326e-02 0.000000000000000000e+00 0.000000000000000000e+00 0.000000000000000000e+00 2.507068812847137451e-01 0.000000000000000000e+00 0.000000000000000000e+00 0.000000000000000000e+00 4.336513578891754150e-02 0.000000000000000000e+00 2.183406054973602295e-01 0.000000000000000000e+00 1.235657557845115662e-02
1.545972377061843872e-02 0.000000000000000000e+00 2.127045243978500366e-01 0.000000000000000000e+00 0.000000000000000000e+00 0.000000000000000000e+00 2.725563943386077881e-02 0.000000000000000000e+00 0.000000000000000000e+00 0.000000000000000000e+00 9.486931562423706055e-02 0.000000000000000000e+00 0.000000000000000000e+00 7.917656563222408295e-03 0.000000000000000000e+00 7.272727089002728462e-04 0.000000000000000000e+00 0.000000000000000000e+00 0.000000000000000000e+00 0.000000000000000000e+00 0.000000000000000000e+00 1.260022968053817749e-01 9.389671497046947479e-03 0.000000000000000000e+00 0.000000000000000000e+00 0.000000000000000000e+00 0.000000000000000000e+00 9.026964008808135986e-02 0.000000000000000000e+00 0.000000000000000000e+00 0.000000000000000000e+00 2.827521180734038353e-03 0.000000000000000000e+00 0.000000000000000000e+00 0.000000000000000000e+00 4.423243552446365356e-02 0.000000000000000000e+00 0.000000000000000000e+00 1.261261291801929474e-02 1.765225082635879517e-03
8.380797505378723145e-02 0.000000000000000000e+00 0.000000000000000000e+00 0.000000000000000000e+00 1.457399129867553711e-02 8.156606927514076233e-03 2.443609014153480530e-02 7.669322937726974487e-02 0.000000000000000000e+00 0.000000000000000000e+00 1.742497645318508148e-02 0.000000000000000000e+00 0.000000000000000000e+00 4.829770326614379883e-02 0.000000000000000000e+00 0.000000000000000000e+00 4.200541973114013672e-02 0.000000000000000000e+00 0.000000000000000000e+00 0.000000000000000000e+00 0.000000000000000000e+00 4.925544187426567078e-02 0.000000000000000000e+00 0.000000000000000000e+00 0.000000000000000000e+00 0.000000000000000000e+00 0.000000000000000000e+00 2.203985899686813354e-01 0.000000000000000000e+00 0.000000000000000000e+00 9.174311999231576920e-04 0.000000000000000000e+00 0.000000000000000000e+00 0.000000000000000000e+00 2.085505798459053040e-02 0.000000000000000000e+00 9.233610471710562706e-04 8.733624592423439026e-03 8.558558672666549683e-02 0.000000000000000000e+00
0.000000000000000000e+00 7.196030020713806152e-02 0.000000000000000000e+00 0.000000000000000000e+00 2.354260161519050598e-02 3.262642771005630493e-03 0.000000000000000000e+00 2.091633528470993042e-02 0.000000000000000000e+00 0.000000000000000000e+00 0.000000000000000000e+00 0.000000000000000000e+00 1.376744210720062256e-01 0.000000000000000000e+00 4.351767897605895996e-02 0.000000000000000000e+00 6.910569220781326294e-02 0.000000000000000000e+00 9.133271127939224243e-02 7.060900330543518066e-03 0.000000000000000000e+00 0.000000000000000000e+00 0.000000000000000000e+00 0.000000000000000000e+00 9.632224217057228088e-03 0.000000000000000000e+00 2.647058963775634766e-01 0.000000000000000000e+00 7.550200819969177246e-02 0.000000000000000000e+00 8.256880566477775574e-03 0.000000000000000000e+00 1.322067528963088989e-01 6.127451080828905106e-03 5.213764496147632599e-03 0.000000000000000000e+00 0.000000000000000000e+00 0.000000000000000000e+00 0.000000000000000000e+00 0.000000000000000000e+00
3.254678472876548767e-02 0.000000000000000000e+00 0.000000000000000000e+00 6.443298771046102047e-04 2.914798259735107422e-02 2.128874361515045166e-01 0.000000000000000000e+00 9.561753273010253906e-02 0.000000000000000000e+00 4.515272378921508789e-02 8.712488226592540741e-03 3.267974033951759338e-02 0.000000000000000000e+00 4.592240601778030396e-02 0.000000000000000000e+00 2.181818243116140366e-03 2.168021723628044128e-02 0.000000000000000000e+00 9.319664910435676575e-03 1.500441320240497589e-02 0.000000000000000000e+00 1.145475427620112896e-03 0.000000000000000000e+00 0.000000000000000000e+00 0.000000000000000000e+00 0.000000000000000000e+00 9.803921915590763092e-03 0.000000000000000000e+00 1.686746999621391296e-02 0.000000000000000000e+00 1.018348634243011475e-01 0.000000000000000000e+00 9.940357413142919540e-04 0.000000000000000000e+00 1.136600598692893982e-01 5.117085948586463928e-02 9.233610704541206360e-03 0.000000000000000000e+00 9.369369596242904663e-02 0.000000000000000000e+00
0.000000000000000000e+00 2.315963655710220337e-01 0.000000000000000000e+00 0.000000000000000000e+00 7.959641516208648682e-02 6.525285542011260986e-03 0.000000000000000000e+00 0.000000000000000000e+00 0.000000000000000000e+00 1.593625545501708984e-02 0.000000000000000000e+00 0.000000000000000000e+00 3.413953483104705811e-01 0.000000000000000000e+00 2.674523890018463135e-01 0.000000000000000000e+00 0.000000000000000000e+00 0.000000000000000000e+00 0.000000000000000000e+00 2.736098878085613251e-02 3.671970684081315994e-03 0.000000000000000000e+00 0.000000000000000000e+00 0.000000000000000000e+00 4.816111922264099121e-02 0.000000000000000000e+00 1.525054499506950378e-02 0.000000000000000000e+00 1.060240939259529114e-01 0.000000000000000000e+00 9.174311999231576920e-04 0.000000000000000000e+00 6.560636311769485474e-02 4.166666790843009949e-02 0.000000000000000000e+00 0.000000000000000000e+00 0.000000000000000000e+00 1.200873404741287231e-02 0.000000000000000000e+00 0.000000000000000000e+00
0.000000000000000000e+00 0.000000000000000000e+00 6.641001254320144653e-02 0.000000000000000000e+00 8.968610316514968872e-03 4.078303463757038116e-03 4.699247889220714569e-03 0.000000000000000000e+00 0.000000000000000000e+00 1.102257668972015381e-01 7.744433823972940445e-03 6.535947788506746292e-03 9.302325779572129250e-04 0.000000000000000000e+00 1.359927468001842499e-02 0.000000000000000000e+00 0.000000000000000000e+00 4.671115428209304810e-02 0.000000000000000000e+00 3.883495181798934937e-02 1.811505556106567383e-01 0.000000000000000000e+00 2.429577410221099854e-01 0.000000000000000000e+00 0.000000000000000000e+00 0.000000000000000000e+00 0.000000000000000000e+00 0.000000000000000000e+00 0.000000000000000000e+00 1.189060625620186329e-03 0.000000000000000000e+00 7.068803161382675171e-02 9.940357413142919540e-04 0.000000000000000000e+00 0.000000000000000000e+00 7.979184389114379883e-02 8.587257564067840576e-02 1.615720540285110474e-01 0.000000000000000000e+00 8.384819328784942627e-02
0.000000000000000000e+00 8.271298720501363277e-04 0.000000000000000000e+00 1.224226783961057663e-02 0.000000000000000000e+00 0.000000000000000000e+00 0.000000000000000000e+00 1.782868504524230957e-01 2.927927859127521515e-02 0.000000000000000000e+00 0.000000000000000000e+00 0.000000000000000000e+00 1.209302339702844620e-02 0.000000000000000000e+00 0.000000000000000000e+00 1.418181806802749634e-01 1.355013577267527580e-03 0.000000000000000000e+00 6.989748030900955200e-02 0.000000000000000000e+00 0.000000000000000000e+00 0.000000000000000000e+00 0.000000000000000000e+00 0.000000000000000000e+00 2.626970177516341209e-03 4.038772080093622208e-03 6.535947788506746292e-03 0.000000000000000000e+00 0.000000000000000000e+00 0.000000000000000000e+00 1.137614697217941284e-01 0.000000000000000000e+00 0.000000000000000000e+00 0.000000000000000000e+00 8.342023007571697235e-03 0.000000000000000000e+00 0.000000000000000000e+00 0.000000000000000000e+00 1.441441476345062256e-02 0.000000000000000000e+00
1.301871426403522491e-02 0.000000000000000000e+00 0.000000000000000000e+00 0.000000000000000000e+00 0.000000000000000000e+00 1.468189246952533722e-02 1.776315718889236450e-01 0.000000000000000000e+00 0.000000000000000000e+00 0.000000000000000000e+00 2.129719220101833344e-02 0.000000000000000000e+00 0.000000000000000000e+00 1.266825012862682343e-02 0.000000000000000000e+00 0.000000000000000000e+00 0.000000000000000000e+00 0.000000000000000000e+00 0.000000000000000000e+00 0.000000000000000000e+00 1.468788273632526398e-02 1.088201627135276794e-01 0.000000000000000000e+00 0.000000000000000000e+00 0.000000000000000000e+00 0.000000000000000000e+00 0.000000000000000000e+00 2.250879257917404175e-01 0.000000000000000000e+00 0.000000000000000000e+00 0.000000000000000000e+00 2.167766168713569641e-02 0.000000000000000000e+00 0.000000000000000000e+00 0.000000000000000000e+00 0.000000000000000000e+00 0.000000000000000000e+00 2.292576432228088379e-02 1.441441476345062256e-02 0.000000000000000000e+00
3.254678566008806229e-03 4.714640229940414429e-02 0.000000000000000000e+00 2.835051529109477997e-02 1.793722063302993774e-02 7.259380072355270386e-02 0.000000000000000000e+00 4.482071846723556519e-02 0.000000000000000000e+00 1.195219159126281738e-02 0.000000000000000000e+00 8.309990912675857544e-02 0.000000000000000000e+00 5.304829776287078857e-02 0.000000000000000000e+00 1.090909093618392944e-01 1.355013577267527580e-03 0.000000000000000000e+00 0.000000000000000000e+00 4.589585214853286743e-02 0.000000000000000000e+00 0.000000000000000000e+00 0.000000000000000000e+00 0.000000000000000000e+00 2.626970177516341209e-03 9.935379773378372192e-02 0.000000000000000000e+00 0.000000000000000000e+00 5.702811107039451599e-02 0.000000000000000000e+00 2.146788984537124634e-01 0.000000000000000000e+00 0.000000000000000000e+00 5.269607901573181152e-02 3.128258511424064636e-02 1.734605408273637295e-03 4.062788560986518860e-02 0.000000000000000000e+00 2.162162214517593384e-02 0.000000000000000000e+00
0.000000000000000000e+00 0.000000000000000000e+00 1.251203101128339767e-02 0.000000000000000000e+00 0.000000000000000000e+00 0.000000000000000000e+00 3.571428731083869934e-02 0.000000000000000000e+00 0.000000000000000000e+00 0.000000000000000000e+00 3.484995290637016296e-02 0.000000000000000000e+00 0.000000000000000000e+00 0.000000000000000000e+00 0.000000000000000000e+00 0.000000000000000000e+00 0.000000000000000000e+00 0.000000000000000000e+00 0.000000000000000000e+00 0.000000000000000000e+00 1.223990228027105331e-03 2.943871617317199707e-01 2.112676016986370087e-02 0.000000000000000000e+00 0.000000000000000000e+00 0.000000000000000000e+00 0.000000000000000000e+00 4.689331632107496262e-03 0.000000000000000000e+00 4.994054511189460754e-02 0.000000000000000000e+00 1.743638068437576294e-01 0.000000000000000000e+00 0.000000000000000000e+00 0.000000000000000000e+00 0.000000000000000000e+00 0.000000000000000000e+00 2.183406054973602295e-02 0.000000000000000000e+00 1.341571062803268433e-01
0.000000000000000000e+00 6.947890669107437134e-02 0.000000000000000000e+00 1.932989689521491528e-03 0.000000000000000000e+00 0.000000000000000000e+00 0.000000000000000000e+00 0.000000000000000000e+00 1.636636704206466675e-01 0.000000000000000000e+00 0.000000000000000000e+00 0.000000000000000000e+00 9.488371759653091431e-02 0.000000000000000000e+00 5.893019214272499084e-02 7.272727089002728462e-04 0.000000000000000000e+00 0.000000000000000000e+00 5.684995278716087341e-02 0.000000000000000000e+00 0.000000000000000000e+00 0.000000000000000000e+00 0.000000000000000000e+00 0.000000000000000000e+00 4.299474656581878662e-01 8.885298855602741241e-03 0.000000000000000000e+00 0.000000000000000000e+00 4.016064107418060303e-03 0.000000000000000000e+00 0.000000000000000000e+00 0.000000000000000000e+00 2.882703766226768494e-02 9.068627655506134033e-02 0.000000000000000000e+00 0.000000000000000000e+00 0.000000000000000000e+00 0.000000000000000000e+00 0.000000000000000000e+00 0.000000000000000000e+00
0.000000000000000000e+00 0.000000000000000000e+00 0.000000000000000000e+00 0.000000000000000000e+00 4.484305158257484436e-03 2.446982078254222870e-03 0.000000000000000000e+00 1.314741075038909912e-01 0.000000000000000000e+00 0.000000000000000000e+00 0.000000000000000000e+00 0.000000000000000000e+00 0.000000000000000000e+00 3.958828281611204147e-03 0.000000000000000000e+00 1.454545464366674423e-02 4.742547497153282166e-02 0.000000000000000000e+00 1.099720373749732971e-01 9.708737954497337341e-03 0.000000000000000000e+00 0.000000000000000000e+00 0.000000000000000000e+00 0.000000000000000000e+00 0.000000000000000000e+00 0.000000000000000000e+00 4.466230794787406921e-02 0.000000000000000000e+00 0.000000000000000000e+00 0.000000000000000000e+00 6.330275535583496094e-02 0.000000000000000000e+00 2.982107456773519516e-03 0.000000000000000000e+00 5.109488964080810547e-02 0.000000000000000000e+00 0.000000000000000000e+00 0.000000000000000000e+00 4.504504613578319550e-03 0.000000000000000000e+00
0.000000000000000000e+00 2.977667562663555145e-02 0.000000000000000000e+00 5.283505097031593323e-02 7.847533561289310455e-03 0.000000000000000000e+00 0.000000000000000000e+00 0.000000000000000000e+00 7.507507689297199249e-03 1.460823416709899902e-02 0.000000000000000000e+00 9.430439025163650513e-02 2.325581386685371399e-02 3.008709475398063660e-02 2.901178598403930664e-02 1.665454506874084473e-01 0.000000000000000000e+00 0.000000000000000000e+00 0.000000000000000000e+00 1.112091764807701111e-01 7.343941368162631989e-03 0.000000000000000000e+00 3.521126694977283478e-03 0.000000000000000000e+00 2.977233007550239563e-02 1.583198755979537964e-01 0.000000000000000000e+00 0.000000000000000000e+00 2.409638464450836182e-02 0.000000000000000000e+00 4.678899049758911133e-02 0.000000000000000000e+00 0.000000000000000000e+00 2.671568691730499268e-01 0.000000000000000000e+00 8.673027041368186474e-04 4.616805352270603180e-03 0.000000000000000000e+00 1.621621660888195038e-02 0.000000000000000000e+00
3.824247419834136963e-02 0.000000000000000000e+00 1.231953799724578857e-01 9.664948098361492157e-03 0.000000000000000000e+00 8.156606927514076233e-04 0.000000000000000000e+00 9.960159659385681152e-03 0.000000000000000000e+00 0.000000000000000000e+00 2.207163572311401367e-01 0.000000000000000000e+00 0.000000000000000000e+00 1.464766412973403931e-01 0.000000000000000000e+00 7.272727089002728462e-04 0.000000000000000000e+00 3.050524368882179260e-02 0.000000000000000000e+00 0.000000000000000000e+00 0.000000000000000000e+00 0.000000000000000000e+00 0.000000000000000000e+00 9.220636636018753052e-02 0.000000000000000000e+00 8.077544625848531723e-04 0.000000000000000000e+00 5.861664656549692154e-03 0.000000000000000000e+00 0.000000000000000000e+00 0.000000000000000000e+00 0.000000000000000000e+00 0.000000000000000000e+00 0.000000000000000000e+00 0.000000000000000000e+00 1.821335591375827789e-02 0.000000000000000000e+00 4.366812296211719513e-03 3.153153136372566223e-02 0.000000000000000000e+00
1.407648473978042603e-01 0.000000000000000000e+00 5.389798060059547424e-02 1.932989689521491528e-03 0.000000000000000000e+00 6.117455288767814636e-02 2.819548826664686203e-03 5.976095795631408691e-03 0.000000000000000000e+00 3.054448962211608887e-02 1.645692251622676849e-02 0.000000000000000000e+00 0.000000000000000000e+00 1.021377667784690857e-01 0.000000000000000000e+00 2.909090835601091385e-03 0.000000000000000000e+00 2.955195493996143341e-02 0.000000000000000000e+00 1.765225082635879517e-03 0.000000000000000000e+00 0.000000000000000000e+00 3.873239457607269287e-02 0.000000000000000000e+00 0.000000000000000000e+00 0.000000000000000000e+00 0.000000000000000000e+00 2.930832281708717346e-02 0.000000000000000000e+00 0.000000000000000000e+00 2.752293599769473076e-03 0.000000000000000000e+00 0.000000000000000000e+00 0.000000000000000000e+00 7.299270015209913254e-03 1.717259287834167480e-01 6.555863469839096069e-02 5.458515137434005737e-03 1.315315365791320801e-01 8.826125413179397583e-04
0.000000000000000000e+00 0.000000000000000000e+00 1.924927812069654465e-03 3.221649443730711937e-03 0.000000000000000000e+00 0.000000000000000000e+00 0.000000000000000000e+00 0.000000000000000000e+00 0.000000000000000000e+00 1.328021287918090820e-02 1.752178072929382324e-01 1.027077529579401016e-02 0.000000000000000000e+00 0.000000000000000000e+00 0.000000000000000000e+00 0.000000000000000000e+00 0.000000000000000000e+00 1.734985709190368652e-01 0.000000000000000000e+00 8.826125413179397583e-04 3.059975430369377136e-02 5.727376788854598999e-03 6.338027864694595337e-02 2.568605840206146240e-01 0.000000000000000000e+00 2.504038810729980469e-02 0.000000000000000000e+00 0.000000000000000000e+00 0.000000000000000000e+00 1.961950063705444336e-01 0.000000000000000000e+00 1.036757789552211761e-02 0.000000000000000000e+00 2.450980478897690773e-03 0.000000000000000000e+00 1.214223727583885193e-02 2.308402583003044128e-02 0.000000000000000000e+00 0.000000000000000000e+00 1.306266486644744873e-01
0.000000000000000000e+00 0.000000000000000000e+00 9.624639060348272324e-04 8.376288227736949921e-03 1.121076196432113647e-02 4.893964156508445740e-02 3.759398590773344040e-03 0.000000000000000000e+00 0.000000000000000000e+00 2.071713209152221680e-01 0.000000000000000000e+00 1.988795548677444458e-01 0.000000000000000000e+00 3.008709475398063660e-02 3.898458927869796753e-02 1.090909074991941452e-02 0.000000000000000000e+00 3.622497618198394775e-02 0.000000000000000000e+00 1.041482761502265930e-01 4.895960912108421326e-02 0.000000000000000000e+00 1.525821629911661148e-02 0.000000000000000000e+00 0.000000000000000000e+00 1.930533051490783691e-01 0.000000000000000000e+00 0.000000000000000000e+00 1.606425642967224121e-02 0.000000000000000000e+00 1.100917439907789230e-02 0.000000000000000000e+00 0.000000000000000000e+00 7.352941203862428665e-03 1.042752875946462154e-03 7.372073084115982056e-02 2.437673062086105347e-01 8.842794597148895264e-02 4.324324429035186768e-02 0.000000000000000000e+00
8.136696415022015572e-04 0.000000000000000000e+00 3.176130726933479309e-02 0.000000000000000000e+00 0.000000000000000000e+00 0.000000000000000000e+00 1.992481201887130737e-01 0.000000000000000000e+00 0.000000000000000000e+00 0.000000000000000000e+00 1.936108432710170746e-02 0.000000000000000000e+00 0.000000000000000000e+00 0.000000000000000000e+00 0.000000000000000000e+00 0.000000000000000000e+00 0.000000000000000000e+00 0.000000000000000000e+00 0.000000000000000000e+00 0.000000000000000000e+00 8.812729269266128540e-02 1.993127167224884033e-01 2.347417874261736870e-03 0.000000000000000000e+00 0.000000000000000000e+00 0.000000000000000000e+00 0.000000000000000000e+00 9.613130241632461548e-02 0.000000000000000000e+00 0.000000000000000000e+00 0.000000000000000000e+00 1.639962345361709595e-01 0.000000000000000000e+00 0.000000000000000000e+00 0.000000000000000000e+00 3.469210816547274590e-03 0.000000000000000000e+00 3.711790218949317932e-02 4.504504613578319550e-03 4.060017690062522888e-02
