0.000000000000000000e+00 2.000000000000000000e+00 4.200000000000000000e+01 3.800000000000000000e+01 4.000000000000000000e+01 6.800000000000000000e+01 4.300000000000000000e+01 3.300000000000000000e+01 6.500000000000000000e+01 6.300000000000000000e+01 4.300000000000000000e+01 4.800000000000000000e+01 0.000000000000000000e+00 6.000000000000000000e+01 7.700000000000000000e+01 3.900000000000000000e+01 0.000000000000000000e+00 5.100000000000000000e+01 0.000000000000000000e+00 2.800000000000000000e+01 0.000000000000000000e+00 4.600000000000000000e+01 4.900000000000000000e+01 2.300000000000000000e+01 4.600000000000000000e+01 3.500000000000000000e+01 4.000000000000000000e+01 1.900000000000000000e+01 1.000000000000000000e+00 3.100000000000000000e+01
3.902770749642513692e+01 2.775132634211331606e+01 2.947721032373374328e+01 2.652894092537462711e+01 5.231228891026694328e+01 4.446204865310573950e+01 4.248846472281729802e+01 3.903939429600723088e+01 2.964447149989427999e+01 3.336883119400590658e+01 3.260130770009709522e+01 5.149460298055782914e+01 3.630110262008383870e+01 5.356589514605002478e+01 4.787714477791450918e+01 4.882697195722721517e+01 4.041361244162544608e+01 2.382606268330710009e+01 3.803584305103868246e+01 4.384068530809599906e+01 3.674785832455381751e+01 5.097685362561605871e+01 3.287034011702053249e+01 4.465226628002710640e+01 3.257083810027688742e+01 4.501950110378675163e+01 3.803808350901817903e+01 2.763513517845422029e+01 3.520117904245853424e+01 4.218466386990621686e+01
4.924014659959983931e+01 3.273001285334902377e+01 3.791471451430842166e+01 4.024129053232615405e+01 3.436637706530241587e+01 3.670718639934692362e+01 4.828864462947873193e+01 4.477853726174834037e+01 3.774426749177040818e+01 3.806205062308282550e+01 4.392722403149582533e+01 4.220718702169278913e+01 4.122274724484078945e+01 4.394349949490912621e+01 4.032874826754760278e+01 3.072569727809851869e+01 4.871654128642047255e+01 3.597677210589122154e+01 4.252956251163119106e+01 4.637804928346944422e+01 4.912916855020434070e+01 4.482770526699020763e+01 3.822202715146533336e+01 3.295039076602014916e+01 4.148631597944061156e+01 3.918643864396348420e+01 3.972128877603174857e+01 3.744250221541450685e+01 4.704717650872252221e+01 5.135374675769180186e+01
3.688003784986125311e+01 3.950871240642723592e+01 4.329509293814224691e+01 3.411161165185687594e+01 4.092511573118801493e+01 4.016936499381646541e+01 4.402615217545255888e+01 3.827583546246332702e+01 4.243567935448408690e+01 4.559881921619957268e+01 4.672093630882338999e+01 3.706205064967893748e+01 3.951091173409350432e+01 3.937973271176152679e+01 4.159014635565135620e+01 3.704457866406303879e+01 3.945987706649276561e+01 4.202732978275199827e+01 4.272218646764505223e+01 4.012095847790047287e+01 3.443595488265178517e+01 4.273432171187261019e+01 4.333363391313596225e+01 3.916579420224745434e+01 4.554427892878358364e+01 3.403148595880207239e+01 4.209944200675909798e+01 4.216119010465038741e+01 3.344492338722265146e+01 3.790984357820279627e+01
3.947980488422031442e+01 4.191881509465144262e+01 3.814155874003555624e+01 3.916150811199052839e+01 4.546133292365303902e+01 3.996180698762459826e+01 3.974986486053258261e+01 3.578352066603293480e+01 3.674896475064684864e+01 4.359708495027707897e+01 3.877866732219271029e+01 4.270044693545055026e+01 3.563215543979358557e+01 3.996854491222212857e+01 4.205158358193332901e+01 4.173849281919623166e+01 3.906844173532195441e+01 3.940119705903148883e+01 3.694738090553514098e+01 3.837798409931349397e+01 4.062119232171806971e+01 4.318192606790788801e+01 3.642461844547006677e+01 4.336824590634826393e+01 3.985862348045966286e+01 3.937589376861053836e+01 3.638461676817710355e+01 3.495403849531524543e+01 3.727554413625367147e+01 4.112957237941689925e+01
4.366796986443815598e+01 3.680562134303028188e+01 3.816381146379625022e+01 4.212354676796801556e+01 4.101064220113267567e+01 3.728407884391094740e+01 4.242348342126768301e+01 3.957647993899252725e+01 3.752356496272172848e+01 3.947251226321209572e+01 4.126586678612260783e+01 4.365143843310082161e+01 3.990469428962643406e+01 4.073227607683109142e+01 3.962427202414455962e+01 3.774969050248684255e+01 4.324112151751136679e+01 3.680959411588013097e+01 4.102992351615618816e+01 4.130437336559353412e+01 4.465574435474996307e+01 4.283515360821053264e+01 3.985422974691473996e+01 3.876720123714447652e+01 3.991202972178796671e+01 4.069374099921011378e+01 3.900826047120497719e+01 3.851351293270062826e+01 4.167591786128676290e+01 4.453487119621579637e+01
4.108921702671772636e+01 3.922192095044510296e+01 4.095028237511535707e+01 3.816585678864773712e+01 4.020430146009289984e+01 3.874496262117389733e+01 4.299762541361332069e+01 3.984857916106087572e+01 4.021986558367483156e+01 4.190868881590912309e+01 4.351782840102637806e+01 3.984074857422589133e+01 4.090869162101523671e+01 3.918462400321400452e+01 4.004823012676810379e+01 3.758082912875541837e+01 4.204359191348465430e+01 3.985811547139527988e+01 4.272326832092816318e+01 4.094804719592357856e+01 4.033078641689628085e+01 4.171221504905726363e+01 4.241486314869034402e+01 3.917989533694444049e+01 4.213999430932459234e+01 3.730962522062556985e+01 4.111052742781894409e+01 4.123896846109251868e+01 3.865507348804219845e+01 4.165668743282586917e+01
3.979354983489265862e+01 4.124491711471189603e+01 3.994796069108075898e+01 3.900580217329689248e+01 4.232179030439878176e+01 3.980838937652092824e+01 4.089751760756836063e+01 3.787184658715720786e+01 3.906813431690138572e+01 4.265005450662832942e+01 4.114326161255353753e+01 4.076743076003329236e+01 3.825585647522687083e+01 3.938260649334758057e+01 4.096470340578528635e+01 4.009225921667685810e+01 4.007986805395962904e+01 4.038730140896091569e+01 3.969542587746114748e+01 3.927528497993957757e+01 3.999587995099460613e+01 4.167118220467563106e+01 3.954009132720182862e+01 4.144527618408208269e+01 4.110384250628138858e+01 3.865354658371524010e+01 3.878107572756471910e+01 3.844958684079873734e+01 3.806858190178650858e+01 4.059300749928816998e+01
4.142232235087437431e+01 3.921460884368838862e+01 3.902468544848708376e+01 4.090766100383919479e+01 4.163016611531253375e+01 3.883591625285581017e+01 4.107689297367750925e+01 3.901247780025880729e+01 3.848422677623640453e+01 4.079112581463243714e+01 4.065316313977418616e+01 4.204717569304632008e+01 3.926198333729034573e+01 4.018856535165124910e+01 4.025072228549223752e+01 3.945419920934385516e+01 4.123726065522112805e+01 3.868057554050380986e+01 4.010621870124122523e+01 4.018636037887245038e+01 4.203168599100404634e+01 4.175925008003529371e+01 3.957738527800177764e+01 4.032367437181819980e+01 4.016824599033350296e+01 4.021299943742175742e+01 3.899186153215963913e+01 3.866346428839102600e+01 4.018456962161105395e+01 4.200137657262692414e+01
4.127065116626905450e+01 3.924310354149857005e+01 4.009123984117101003e+01 3.976810220307972088e+01 4.056465251373580827e+01 3.902066169168504928e+01 4.172188971564218463e+01 3.989015970243008979e+01 3.966192273689998160e+01 4.088086647446990440e+01 4.171611068160443381e+01 4.083471758531834439e+01 4.043607546581154111e+01 3.981347601588152685e+01 4.003600993272557673e+01 3.868944851196782508e+01 4.155253284903201205e+01 3.941307881318041240e+01 4.138066584192014119e+01 4.068725031680584436e+01 4.120191996828012293e+01 4.134695635372722933e+01 4.103817095132506410e+01 3.962351339733288569e+01 4.091038886164916022e+01 3.907610500329777636e+01 4.031448530278674980e+01 4.029597572167227781e+01 3.984416020609665310e+01 4.165941537682308393e+01
4.033665112104007733e+01 4.042931792985339712e+01 4.023441599558133674e+01 3.938919128175471940e+01 4.109535506743397804e+01 3.973141567918329997e+01 4.109137553569009071e+01 3.915875001553254009e+01 3.971985381326681619e+01 4.151162408887228850e+01 4.127367478321838945e+01 4.047854350565143022e+01 3.954869049564604921e+01 3.966494717207934428e+01 4.047248460878168430e+01 3.964031777711875293e+01 4.062758053982938122e+01 4.019705167990574068e+01 4.054403511733740828e+01 3.999761195082721343e+01 4.031213253815585063e+01 4.114228808813108174e+01 4.039469414431344063e+01 4.050499368038744308e+01 4.095414005057225637e+01 3.902936645035480012e+01 3.978148694103600747e+01 3.967756225412572491e+01 3.906908538600956149e+01 4.078696965057243773e+01
4.065594841426421624e+01 4.000971346878252888e+01 3.970320905611968243e+01 4.025067752916515218e+01 4.120555355500547279e+01 3.955412337306797355e+01 4.077670923857463237e+01 3.927266152931340315e+01 3.929162318751029659e+01 4.097934976022411036e+01 4.067842814187685008e+01 4.106174298437428405e+01 3.947265795798518440e+01 4.003094945334448340e+01 4.038163144188046516e+01 3.985826044513654409e+01 4.066225408257136564e+01 3.962437440368570662e+01 4.015032718574189374e+01 4.004161789382051495e+01 4.092498150670989077e+01 4.115469372550548854e+01 3.989585314430640040e+01 4.050267055966287444e+01 4.043190027310372159e+01 3.989108457981797073e+01 3.946251294829735201e+01 3.927025899428954148e+01 3.977835253608137833e+01 4.105132329276636938e+01
4.088153472020970725e+01 3.965943802779404592e+01 3.994215489463356761e+01 4.016533217802069800e+01 4.070147336952644679e+01 3.946290824417111764e+01 4.101386986324721562e+01 3.983183891690787704e+01 3.964979496517793223e+01 4.067217689135836878e+01 4.093942604600934487e+01 4.085085504782513510e+01 4.010819347441112370e+01 4.004248200495098331e+01 4.017781004095349573e+01 3.945153238157497810e+01 4.096345130362520592e+01 3.960575050221959970e+01 4.066962968047231897e+01 4.039755093853148793e+01 4.097713477570370344e+01 4.101367227213506084e+01 4.042838597398715450e+01 4.003931527918500421e+01 4.051930134617351342e+01 3.973733409654622051e+01 4.001026443321165971e+01 3.993757597457148734e+01 4.004360968294395917e+01 4.116141564439418943e+01
4.051523675820836701e+01 4.011236933646434721e+01 4.019493631787486976e+01 3.982046764874560552e+01 4.068612730715667425e+01 3.977926856575592041e+01 4.089461836715194920e+01 3.971412673420155670e+01 3.989489846906447212e+01 4.089267220848731199e+01 4.095672194031156010e+01 4.050133515496137449e+01 3.998639171747200294e+01 3.992589475370125740e+01 4.029972085426263106e+01 3.968648816703907301e+01 4.068296536170853983e+01 4.004411931935307933e+01 4.059043594674827204e+01 4.023497852570931599e+01 4.050690688220527136e+01 4.085717946117811294e+01 4.045341623073424842e+01 4.023389914814219281e+01 4.066229062529521343e+01 3.952142182902426271e+01 4.005278374006360309e+01 4.000308886837713374e+01 3.968863558022736981e+01 4.078523052020779005e+01
4.045539631264151126e+01 4.017342304432784772e+01 4.002483959175861372e+01 4.007626372894996081e+01 4.080708397865616632e+01 3.984725326645376953e+01 4.066208575878128784e+01 3.963302324237292140e+01 3.974743405478050562e+01 4.080538832726252707e+01 4.065859460126332436e+01 4.063566851952843706e+01 3.980126735185913134e+01 4.004121217259596932e+01 4.034521777176527735e+01 3.994982770941377481e+01 4.052152465198519593e+01 3.997336038151505022e+01 4.029444460672316097e+01 4.012660041964311120e+01 4.055790929326796856e+01 4.081339017997004959e+01 4.015412891477735968e+01 4.039365095704798136e+01 4.047849004238103987e+01 3.984962906156278706e+01 3.984081616292202455e+01 3.974131466405903268e+01 3.982213790277130983e+01 4.071154002009393480e+01
4.058771292714936152e+01 3.996903887482201867e+01 4.002002822796799819e+01 4.020382048995833912e+01 4.063973140594264066e+01 3.978641329034200425e+01 4.068049219382888282e+01 3.987389257116220875e+01 3.981132414205315939e+01 4.059329985228703208e+01 4.063618259259268228e+01 4.065781869542011862e+01 4.003132807071330035e+01 4.011521952025770332e+01 4.025371273438389608e+01 3.984004251059893420e+01 4.062781821388847447e+01 3.986656202557657025e+01 4.040836219801195739e+01 4.026666133295150729e+01 4.067799286202653519e+01 4.075522216801184072e+01 4.025841859148992796e+01 4.022271623839078103e+01 4.041154488497693364e+01 3.995396705769243795e+01 3.999301288735281901e+01 3.992422805582604894e+01 4.005751701415898225e+01 4.078593168953315740e+01
4.049206502398243401e+01 4.007687768739350531e+01 4.016053491076667115e+01 4.006211924662399326e+01 4.053737170295812575e+01 3.989532966152572158e+01 4.067226348814053694e+01 3.993655913935808854e+01 3.997500618382465376e+01 4.060926979479982890e+01 4.068046632247419581e+01 4.048911000018878781e+01 4.010489948532030979e+01 4.007657007202038812e+01 4.026124448400047839e+01 3.986000857877451153e+01 4.057557544403562133e+01 4.003231582895044482e+01 4.047051417352207636e+01 4.027215836589059705e+01 4.051301028696472883e+01 4.066553328649735732e+01 4.036344219603709860e+01 4.020959598221651987e+01 4.047511568320767594e+01 3.984921482296940098e+01 4.011230836427869662e+01 4.007495458629227159e+01 3.997612675204396027e+01 4.066348476361486064e+01
4.040066502648750912e+01 4.018453634293401677e+01 4.014550275109700550e+01 4.009653079686902544e+01 4.057157168027735850e+01 3.998358790147558040e+01 4.056104187322738852e+01 3.988934460737681320e+01 3.996872359824287457e+01 4.061073211821985041e+01 4.057013821893468730e+01 4.046971878121824062e+01 4.001631461807606627e+01 4.010087616944637290e+01 4.029980503507408685e+01 4.000698683145791534e+01 4.046198113165331733e+01 4.008921207380866747e+01 4.034609738142587076e+01 4.020282966864073870e+01 4.044242459749601437e+01 4.061431343518302839e+01 4.025764380937027909e+01 4.030382494428308604e+01 4.043138831382717058e+01 3.993833738022905067e+01 4.004383912204686879e+01 3.999231123131485077e+01 3.996501016114389415e+01 4.056282122957041736e+01
4.043446890302547558e+01 4.012161470679671993e+01 4.011445579869105416e+01 4.019245069755406519e+01 4.052787602771918074e+01 3.997732437490931545e+01 4.052021301727022973e+01 3.996977303528013437e+01 3.996974632349017043e+01 4.051327868211158290e+01 4.050311363817137789e+01 4.049775451940148230e+01 4.007136805460550022e+01 4.015154504038833494e+01 4.027412611363671857e+01 4.001782690621118377e+01 4.046697184070577435e+01 4.003927331763351560e+01 4.033216380095451115e+01 4.023503467410543522e+01 4.049074925091205301e+01 4.057907699020189085e+01 4.024134236327003578e+01 4.027002931208495795e+01 4.037116464254399517e+01 4.004174200093149238e+01 4.006475148541832709e+01 4.001634872801733422e+01 4.008107362406636298e+01 4.056987205030688415e+01
4.042089048338171864e+01 4.012614375201571448e+01 4.016741393587358289e+01 4.016472012806951852e+01 4.045649581243647930e+01 4.001082668431801181e+01 4.051565349786964276e+01 4.004124397464357088e+01 4.004641316394584294e+01 4.047622097758343074e+01 4.051020738025069079e+01 4.043710234439534901e+01 4.014332012949060413e+01 4.015245232425283461e+01 4.026000102287032689e+01 4.000874800173465928e+01 4.046366417937643689e+01 4.008437242938155975e+01 4.037387159539429859e+01 4.026294997264169240e+01 4.044904308803372572e+01 4.053075279336087533e+01 4.029863259824256971e+01 4.023392879994985094e+01 4.037984350066851391e+01 4.002512160479663805e+01 4.013941335497738550e+01 4.010907073273167356e+01 4.009664832939165535e+01 4.053381340402116706e+01
4.036792421450914503e+01 4.018735900657887328e+01 4.018896414068896661e+01 4.015300291384036768e+01 4.044665517041376290e+01 4.006708996112286059e+01 4.046975143141296627e+01 4.003841266536792887e+01 4.007718553385875282e+01 4.047558108246697373e+01 4.047409765431669371e+01 4.039653316249324888e+01 4.012585371688199842e+01 4.015601858184043493e+01 4.027535542019950299e+01 4.007052754150716112e+01 4.040985198899252850e+01 4.013825582492361832e+01 4.033816486735935314e+01 4.023859967709948648e+01 4.039066727169996796e+01 4.049136244269148932e+01 4.027855343874790606e+01 4.026619844046962982e+01 4.037348699179844402e+01 4.004246919803776450e+01 4.013780180187053759e+01 4.010836563235324093e+01 4.008010563593098396e+01 4.047092660642810813e+01
4.036163068736049553e+01 4.018503176459497439e+01 4.017593206074148071e+01 4.019606114393602070e+01 4.043373653701092962e+01 4.008378235015897673e+01 4.043129458754994232e+01 4.006284665053378546e+01 4.007915171137415200e+01 4.043700716025581698e+01 4.042636875935198049e+01 4.040064526764621888e+01 4.013199404014327598e+01 4.018064331753068785e+01 4.027273256718576988e+01 4.010422064793580432e+01 4.038842638967013698e+01 4.013209827727045820e+01 4.030922016877231329e+01 4.023800873891839558e+01 4.039294668877640504e+01 4.046531260628484716e+01 4.025308505440015239e+01 4.027093543687456645e+01 4.034186754693804744e+01 4.010019496774825853e+01 4.013488533685082160e+01 4.010444490004594797e+01 4.012354999620094986e+01 4.045144970790796179e+01
4.036105531234813526e+01 4.017637706371397144e+01 4.019095121890542543e+01 4.020437942975119228e+01 4.039711425401148404e+01 4.009765538807135954e+01 4.041920733187642156e+01 4.010687281825453709e+01 4.011031798055950048e+01 4.040295530106160271e+01 4.041384022225076222e+01 4.038138339675030863e+01 4.017043454972291272e+01 4.019142499710572736e+01 4.026267984369383868e+01 4.010520969945966385e+01 4.038586314374481390e+01 4.014151561967916138e+01 4.032093095903871927e+01 4.025437831816509515e+01 4.038427101044344880e+01 4.043791933816144279e+01 4.027103442011128465e+01 4.025142565191148236e+01 4.033263557757502582e+01 4.011537509448800876e+01 4.016802589449770267e+01 4.014529730230714222e+01 4.015256822880675713e+01 4.043630720320165040e+01
4.033769859706207228e+01 4.020089883191419489e+01 4.020956384412427553e+01 4.019589406272154264e+01 4.037824045427736053e+01 4.012695025869506082e+01 4.039903469199051500e+01 4.012120434268496183e+01 4.013792751124201175e+01 4.039348648737453829e+01 4.039937607233187578e+01 4.035363740383149178e+01 4.017852609193797520e+01 4.019395282330248875e+01 4.026561868041602565e+01 4.012863537094867183e+01 4.036364727016570697e+01 4.017134733366205523e+01 4.031449344307275595e+01 4.025064995093953257e+01 4.035348747035067163e+01 4.041185885791482946e+01 4.027392374325329882e+01 4.025669471002679245e+01 4.033063851283542078e+01 4.012092253683442067e+01 4.018246795010446704e+01 4.016372163652795990e+01 4.015097581771714630e+01 4.040405655833514231e+01
4.032445649198691484e+01 4.021211887893399251e+01 4.020950111002039051e+01 4.021048616595512470e+01 4.036970853335693477e+01 4.014539288958564356e+01 4.037441951514170313e+01 4.013178968665891944e+01 4.014613789269903066e+01 4.037710539732357518e+01 4.037318337605606899e+01 4.034612991848715779e+01 4.017883873486078272e+01 4.020463245553683862e+01 4.026733002810321693e+01 4.015430705633122699e+01 4.034433878100798410e+01 4.018028424340148064e+01 4.029655901038223220e+01 4.024610916061585186e+01 4.034210559361901716e+01 4.039267104131150177e+01 4.026074017434653030e+01 4.026431966234992643e+01 4.031681090207210616e+01 4.014742569151814422e+01 4.018230028735795401e+01 4.016363513186094991e+01 4.016556006603751428e+01 4.038312556875487758e+01
4.032197947477177991e+01 4.020926200884125024e+01 4.021338276212049578e+01 4.022213542193627944e+01 4.035222214764697668e+01 4.015529109266109486e+01 4.036108720540173067e+01 4.015438288967971658e+01 4.015967670344740981e+01 4.035577510093101239e+01 4.035803898399337442e+01 4.033840757378932551e+01 4.019528616168733492e+01 4.021391310174065126e+01 4.026303662670522954e+01 4.016244434392739748e+01 4.033805520430995983e+01 4.018383393063705000e+01 4.029490617425932442e+01 4.025215684977251129e+01 4.033794243759709275e+01 4.037574431070160585e+01 4.026259093130208555e+01 4.025797363940653639e+01 4.030672923888386805e+01 4.016526653500449129e+01 4.019509627080668679e+01 4.017937202690740861e+01 4.018558261649285157e+01 4.037196853564022803e+01
4.031233300903857497e+01 4.021741970489374296e+01 4.022363385891373611e+01 4.022112645469874792e+01 4.033715189859344008e+01 4.017017543030726756e+01 4.034984156269216271e+01 4.016930130260349330e+01 4.017703205585207371e+01 4.034451103042228937e+01 4.034882778270350201e+01 4.032350330451250642e+01 4.020625548275616268e+01 4.021750516745261450e+01 4.026219043580236701e+01 4.017271076241009098e+01 4.032819255047540707e+01 4.019764504965635155e+01 4.029408205837222567e+01 4.025387535041344478e+01 4.032386528933323433e+01 4.035934570296218737e+01 4.026683114777243588e+01 4.025633206485420601e+01 4.030350870956194598e+01 4.017152826386615772e+01 4.020742325332604850e+01 4.019481611540881261e+01 4.019144175244480977e+01 4.035561873115714349e+01
4.030237377009383692e+01 4.022663826164436074e+01 4.022755576403358901e+01 4.022549553750285156e+01 4.032929605031668530e+01 4.018366312976385046e+01 4.033571344170440653e+01 4.017719200936225832e+01 4.018635792950573915e+01 4.033539522466105609e+01 4.033518006907476661e+01 4.031463982942565139e+01 4.020866736460173030e+01 4.022251409651205023e+01 4.026327728797971162e+01 4.018773394636883722e+01 4.031597659360883057e+01 4.020731604618780608e+01 4.028579310322621865e+01 4.025160382246139079e+01 4.031304262282036177e+01 4.034595361605286712e+01 4.026240938644831857e+01 4.026009349890548350e+01 4.029736733135400328e+01 4.018360954609124036e+01 4.021080172429761035e+01 4.019914913394914890e+01 4.019753878497246546e+01 4.034053778954656622e+01
4.029832526531424008e+01 4.022814281943395542e+01 4.022944686330809816e+01 4.023292869800314264e+01 4.032020764802830826e+01 4.019182826137608799e+01 4.032510292519188511e+01 4.018867167472393476e+01 4.019394376412997616e+01 4.032338617780813195e+01 4.032363644933374758e+01 4.030952519312349125e+01 4.021552030275660883e+01 4.022841756159692039e+01 4.026193598540235996e+01 4.019651065004485702e+01 4.030921614323271029e+01 4.021104979267169455e+01 4.028146707049111086e+01 4.025307975873085553e+01 4.030854148343247800e+01 4.033485367770268937e+01 4.026060672584183919e+01 4.025913526008286425e+01 4.029053453373997939e+01 4.019615401546327860e+01 4.021619844696892443e+01 4.020582151481368527e+01 4.020848204050324171e+01 4.033130170301861028e+01
4.029369973577412622e+01 4.023107599291672187e+01 4.023435210583798494e+01 4.023508611992411232e+01 4.031052136247335227e+01 4.020012821872030884e+01 4.031747642769137485e+01 4.019935221769619460e+01 4.020377802236211551e+01 4.031432896810006383e+01 4.031644325782774985e+01 4.030185060323411506e+01 4.022320593632560559e+01 4.023189386748968133e+01 4.026077784077312316e+01 4.020272568962980131e+01 4.030363905879579534e+01 4.021749130772357717e+01 4.028047757346143243e+01 4.025488563449727053e+01 4.030182969392269854e+01 4.032454202581836000e+01 4.026244221850704008e+01 4.025735810286591487e+01 4.028698844156910042e+01 4.020268219456978898e+01 4.022370209660753915e+01 4.021516777114037211e+01 4.021506635117782480e+01 4.032211515128113177e+01
4.028773218526555411e+01 4.023635826283947381e+01 4.023803117241355665e+01 4.023686203009405915e+01 4.030405285111263680e+01 4.020869530107461998e+01 4.030931077421541886e+01 4.020589177940311743e+01 4.021121715372159855e+01 4.030803171478935809e+01 4.030883858519743512e+01 4.029519004627368872e+01 4.022664306400856304e+01 4.023479408550681313e+01 4.026097092649722242e+01 4.021096932209178476e+01 4.029664841869015390e+01 4.022418986560899867e+01 4.027693974984966019e+01 4.025441839081009476e+01 4.029460873659265019e+01 4.031558920894924825e+01 4.026152857983547051e+01 4.025843590152488360e+01 4.028368891651433614e+01 4.020912013135868079e+01 4.022773224366197553e+01 4.022025187699739490e+01 4.021904645255693822e+01 4.031259927715948521e+01
4.028395419655323195e+01 4.023893449364285857e+01 4.023975512765713347e+01 4.024070800241621271e+01 4.029855625204446312e+01 4.021492551155276374e+01 4.030203352242138237e+01 4.021235605634304733e+01 4.021643566004476611e+01 4.030117923060181084e+01 4.030131773778502691e+01 4.029110098417402952e+01 4.023008507856684446e+01 4.023823241651840732e+01 4.026062872305971041e+01 4.021766704013769100e+01 4.029132677920841132e+01 4.022785723922142864e+01 4.027354208670490721e+01 4.025459648846808136e+01 4.029039590193687559e+01 4.030816400665351296e+01 4.026000519127953226e+01 4.025876240601732547e+01 4.027966028783147578e+01 4.021668671103676473e+01 4.023080175452015794e+01 4.022408110513975288e+01 4.022477625352169639e+01 4.030559326080112470e+01
4.028110500059356980e+01 4.024058302203388848e+01 4.024218014671459542e+01 4.024312665442641901e+01 4.029270931577355697e+01 4.022013376921973560e+01 4.029660066753703518e+01 4.021908001559467749e+01 4.022207415343370940e+01 4.029498613810312690e+01 4.029588449309138554e+01 4.028683135079729993e+01 4.023458612838290804e+01 4.024089288366904782e+01 4.025991612024169086e+01 4.022218166128576655e+01 4.028751643481420786e+01 4.023137073838261557e+01 4.027213635712382001e+01 4.025557560044234862e+01 4.028659938622017478e+01 4.030156505135744993e+01 4.026030918881640730e+01 4.025792439551742063e+01 4.027676704523062767e+01 4.022201922542596719e+01 4.023495895989658777e+01 4.022925186658988395e+01 4.022970739468767221e+01 4.029978456327738456e+01
4.027770932312422048e+01 4.024332234115529161e+01 4.024466885181551135e+01 4.024440467002395394e+01 4.028801944260437295e+01 4.022538064359277854e+01 4.029160464330919922e+01 4.022403807243614438e+01 4.022715820180088286e+01 4.029043556480419142e+01 4.029118299766847144e+01 4.028253438411593379e+01 4.023761629839275145e+01 4.024285755181271185e+01 4.025974076000596824e+01 4.022689697789559204e+01 4.028347022828284452e+01 4.023541570399424927e+01 4.027043395001724235e+01 4.025577066528968118e+01 4.028227775169719393e+01 4.029571229405061672e+01 4.026027002173800895e+01 4.025799070410535307e+01 4.027460980375210653e+01 4.022613513272506935e+01 4.023816627308982419e+01 4.023327189762452605e+01 4.023281311424992168e+01 4.029396136664615824e+01
4.027492132722964158e+01 4.024545916825167069e+01 4.024618067858105519e+01 4.024634724501231631e+01 4.028434593221705029e+01 4.022973895735071892e+01 4.028691564492399380e+01 4.022813328321311133e+01 4.023091285868440536e+01 4.028626044800055439e+01 4.028651446272061776e+01 4.027942797353236415e+01 4.023982418730031441e+01 4.024488168240245045e+01 4.025961962107238179e+01 4.023134253378654535e+01 4.027983987560723023e+01 4.023833643765172496e+01 4.026834586041454145e+01 4.025578303644286393e+01 4.027902853203158173e+01 4.029075865978760618e+01 4.025950812903182197e+01 4.025830300404656725e+01 4.027226747263520679e+01 4.023058041532706852e+01 4.024033769144185158e+01 4.023599155546204287e+01 4.023603200678373781e+01 4.028908645841212888e+01
4.027291593533335146e+01 4.024672949471312933e+01 4.024756695153433839e+01 4.024811567236728393e+01 4.028078232762089783e+01 4.023322774177454164e+01 4.028313624335903853e+01 4.023224370364033575e+01 4.023435505396074774e+01 4.028229257809907438e+01 4.028269716026534297e+01 4.027677525457086460e+01 4.024238369368305968e+01 4.024668760480002305e+01 4.025926787530603690e+01 4.023463778318809148e+01 4.027712296030085071e+01 4.024060082516520254e+01 4.026704267440795348e+01 4.025620484487807005e+01 4.027653194634800826e+01 4.028646506702699526e+01 4.025931317702976742e+01 4.025804890478043063e+01 4.027024371826454541e+01 4.023434493822536950e+01 4.024269551015375868e+01 4.023892779275175258e+01 4.023922706198421650e+01 4.028518406840116484e+01
4.027091365990234806e+01 4.024820773178218758e+01 4.024908196303650243e+01 4.024917925818115805e+01 4.027763425271879782e+01 4.023648794103496584e+01 4.027991368881939849e+01 4.023569101072519061e+01 4.023761620922872595e+01 4.027910743429946194e+01 4.027958888762740486e+01 4.027412303258577708e+01 4.024455869191288571e+01 4.024806872154674409e+01 4.025905002845031788e+01 4.023755476418401855e+01 4.027464005102359579e+01 4.024299447050078982e+01 4.026601581509315508e+01 4.025648023741069892e+01 4.027396092473455269e+01 4.028266381387395256e+01 4.025932960089816959e+01 4.025791597729066496e+01 4.026872788174728157e+01 4.023719724966011313e+01 4.024486731223025515e+01 4.024164175991556647e+01 4.024155901548216718e+01 4.028155852020134375e+01
4.026906564176849912e+01 4.024964142947668932e+01 4.025022797089336279e+01 4.025025979874083504e+01 4.027511835120787254e+01 4.023937851446518010e+01 4.027693516181275868e+01 4.023844573522195844e+01 4.024023870260127467e+01 4.027641029228509240e+01 4.027667677062868279e+01 4.027194248979606783e+01 4.024613031707127675e+01 4.024932225463917490e+01 4.025895345742596021e+01 4.024036296091323806e+01 4.027230603141705956e+01 4.024503647067679424e+01 4.026481108957752753e+01 4.025654154549990693e+01 4.027172656832559738e+01 4.027938789914689721e+01 4.025901985081814871e+01 4.025803980546952943e+01 4.026730354530047151e+01 4.023990170716329118e+01 4.024645299018969524e+01 4.024362770998796890e+01 4.024356148097519537e+01 4.027833472917666313e+01
4.026764347251464926e+01 4.025062613426268143e+01 4.025113142756691786e+01 4.025138062068283773e+01 4.027286876871281152e+01 4.024174317340428075e+01 4.027439231379676698e+01 4.024100413089280437e+01 4.024246231993819833e+01 4.027390105413638821e+01 4.027412807364837022e+01 4.027017970624341103e+01 4.024765472660517673e+01 4.025048681071177015e+01 4.025878431447024042e+01 4.024265709863471585e+01 4.027041842608358024e+01 4.024660101433097736e+01 4.026384151398085010e+01 4.025671773073253945e+01 4.026999813091700986e+01 4.027656959291154948e+01 4.025878987890827432e+01 4.025800012364287994e+01 4.026598465029283602e+01 4.024237436927659672e+01 4.024789199587291222e+01 4.024542328012124415e+01 4.024554358944287458e+01 4.027569036506648814e+01
4.026638828250557367e+01 4.025151260120930630e+01 4.025204428627816355e+01 4.025219461207226601e+01 4.027082719133398570e+01 4.024382763204921076e+01 4.027225946347847696e+01 4.024328218771329091e+01 4.024452700732626198e+01 4.027175548072251843e+01 4.027203423039347996e+01 4.026852852989148346e+01 4.024907847168219632e+01 4.025143785556862497e+01 4.025862463760589094e+01 4.024456634577387604e+01 4.026881331509486017e+01 4.024806764485988708e+01 4.026313148729566649e+01 4.025691240389964065e+01 4.026840794701138293e+01 4.027409680358985611e+01 4.025874405995215000e+01 4.025790190416729075e+01 4.026493027665816982e+01 4.024435023610403306e+01 4.024927393064106695e+01 4.024714831966919348e+01 4.024717463410535601e+01 4.027336719074069293e+01
4.026521025519235764e+01 4.025240642140407488e+01 4.025283136217156255e+01 4.025287300992959416e+01 4.026912481040118763e+01 4.024570193842956911e+01 4.027035173216484054e+01 4.024514990623821120e+01 4.024629244404381723e+01 4.026996524482941453e+01 4.027017517780500810e+01 4.026707608532988303e+01 4.025018906916762518e+01 4.025224950150692393e+01 4.025853616323166051e+01 4.024633606548837150e+01 4.026733121193825582e+01 4.024940595466487991e+01 4.026241859013414626e+01 4.025699919339101740e+01 4.026695268199405575e+01 4.027194534152305039e+01 4.025861868933267118e+01 4.025792093676262340e+01 4.026401899783744653e+01 4.024607381653358118e+01 4.025038590635026026e+01 4.024853950025994465e+01 4.024850169233523900e+01 4.027127863170499467e+01
4.026423461340983323e+01 4.025311399442042415e+01 4.025344996374835205e+01 4.025355819957370329e+01 4.026766238312999491e+01 4.024728676491204737e+01 4.026867820443374058e+01 4.024678948773045306e+01 4.024776738293195422e+01 4.026836155099329062e+01 4.026851449776672354e+01 4.026588542327787223e+01 4.025115439899314396e+01 4.025299230179997068e+01 4.025844480006314541e+01 4.024786991787000545e+01 4.026606294601644009e+01 4.025048440273669570e+01 4.026177049102642513e+01 4.025708737792879077e+01 4.026576673430679421e+01 4.027009132664527868e+01 4.025846492155442036e+01 4.025792692077866519e+01 4.026317761891909441e+01 4.024765805674239516e+01 4.025131948451556951e+01 4.024970594287606929e+01 4.024973975227588596e+01 4.026950831986562207e+01
4.026341331028707060e+01 4.025369238696796970e+01 4.025401772162887681e+01 4.025412781449954736e+01 4.026634806131852429e+01 4.024864785566022363e+01 4.026726066200498622e+01 4.024826454040052681e+01 4.024908775326587573e+01 4.026695065323117007e+01 4.026711275549647695e+01 4.026483094924134321e+01 4.025205880367097677e+01 4.025362902122544284e+01 4.025834512632746254e+01 4.024914485471131798e+01 4.026499960016513313e+01 4.025142259515314436e+01 4.026127035920714548e+01 4.025720182789270041e+01 4.026474267672102059e+01 4.026847674790801790e+01 4.025839529955853635e+01 4.025788164469485508e+01 4.026246549219519011e+01 4.024899327768603285e+01 4.025219039187881975e+01 4.025079307079643343e+01 4.025082610297650376e+01 4.026798943362344829e+01
4.026266390742578949e+01 4.025424617043263709e+01 4.025453215920057204e+01 4.025458280544416567e+01 4.026521658236794110e+01 4.024985919944457891e+01 4.026602292483347156e+01 4.024951500037316521e+01 4.025024868444601367e+01 4.026575843335325544e+01 4.026590226260159966e+01 4.026388634968147073e+01 4.025281606332369932e+01 4.025416566935044926e+01 4.025827473854057104e+01 4.025027807942405644e+01 4.026404985599526754e+01 4.025228096898191410e+01 4.026082463721242277e+01 4.025727848093807637e+01 4.026380961560196425e+01 4.026706846119535754e+01 4.025833141012865468e+01 4.025786914585793141e+01 4.026186530208156711e+01 4.025012428691353961e+01 4.025293839318755573e+01 4.025172804619372613e+01 4.025172001345993777e+01 4.026663926685436223e+01
4.026201447193145100e+01 4.025472444850436915e+01 4.025495391498943576e+01 4.025500816307084762e+01 4.026425275094756273e+01 4.025090708153785357e+01 4.026493166326383744e+01 4.025058719893724657e+01 4.025123034064123573e+01 4.026471833597634742e+01 4.026482651491149767e+01 4.026308869781891531e+01 4.025345098111323949e+01 4.025464310246784549e+01 4.025821742639792689e+01 4.025128153612500626e+01 4.026321586536798947e+01 4.025300732005761972e+01 4.026040922876532591e+01 4.025733471517973783e+01 4.026301442207827108e+01 4.026585000401684056e+01 4.025824369438377204e+01 4.025787348447095582e+01 4.026132641792226963e+01 4.025114017447024395e+01 4.025356000810656809e+01 4.025250505851796845e+01 4.025251155176513151e+01 4.026546974778415944e+01
4.026146871854670195e+01 4.025511391927886251e+01 4.025531957068024269e+01 4.025538574939325542e+01 4.026340228713073799e+01 4.025180363624955504e+01 4.026399408880048014e+01 4.025154045149341187e+01 4.025208676627075022e+01 4.026379938348425469e+01 4.026389874344933162e+01 4.026240135500025019e+01 4.025402690955726825e+01 4.025506158058809802e+01 4.025815748565944574e+01 4.025213134370632417e+01 4.026250906809008256e+01 4.025362337877648145e+01 4.026006628876442051e+01 4.025739986208942156e+01 4.026234023457340072e+01 4.026479280575391329e+01 4.025818287981816468e+01 4.025785669122798538e+01 4.026085611594906766e+01 4.025202343226601442e+01 4.025411616737456200e+01 4.025319957924149605e+01 4.025321874511614340e+01 4.026446885301360368e+01
4.026098616659189844e+01 4.025546454325004930e+01 4.025565059446598326e+01 4.025569435881697444e+01 4.026265925216671349e+01 4.025259027668246148e+01 4.026318392719181105e+01 4.025236639497619962e+01 4.025284301498188455e+01 4.026301017778154545e+01 4.026310293304061361e+01 4.026179003558502956e+01 4.025452876775557343e+01 4.025541745504773417e+01 4.025810766977532751e+01 4.025286850271405825e+01 4.026189250515072615e+01 4.025417478136319716e+01 4.025977572525647474e+01 4.025745497008994533e+01 4.026173966736229204e+01 4.026387159319534703e+01 4.025814048865581896e+01 4.025784275973585125e+01 4.026045780183124378e+01 4.025277252576250930e+01 4.025460709197312070e+01 4.025381292971517411e+01 4.025381667026426413e+01 4.026359152929641283e+01
4.026056097841100723e+01 4.025577748008094403e+01 4.025593275053246600e+01 4.025596625540519113e+01 4.026202270224547419e+01 4.025327728289435214e+01 4.026247307281787613e+01 4.025307301726055442e+01 4.025349258945691133e+01 4.026232908677381062e+01 4.026240401066196739e+01 4.026126221276955164e+01 4.025495106313968563e+01 4.025572772600093430e+01 4.025806876670166190e+01 4.025352057489256197e+01 4.026134883856640556e+01 4.025465457509940137e+01 4.025951084185309270e+01 4.025749484641915643e+01 4.026121567091738029e+01 4.026307211607355185e+01 4.025809114602978411e+01 4.025784116745273877e+01 4.026010870237893613e+01 4.025343027348628766e+01 4.025502157954863236e+01 4.025433101628523502e+01 4.025433249066757213e+01 4.026282503051979234e+01
4.026019869702108878e+01 4.025603920635908395e+01 4.025617298013200696e+01 4.025621093031261921e+01 4.026146836231863091e+01 4.025386818771166730e+01 4.026185646184359967e+01 4.025369232222259797e+01 4.025405329437408142e+01 4.026173093008398496e+01 4.026179491784111519e+01 4.026080994595603357e+01 4.025532269832404353e+01 4.025600068090977146e+01 4.025803191960639538e+01 4.025408241284484490e+01 4.026088144629752463e+01 4.025506231398792778e+01 4.025928218644539669e+01 4.025753359703588075e+01 4.026076940936484760e+01 4.026237898707055507e+01 4.025804805683247167e+01 4.025783497040260528e+01 4.025980143416735046e+01 4.025400802830210267e+01 4.025538243874141386e+01 4.025478182701704810e+01 4.025479053961143450e+01 4.026216535314866718e+01
4.025988423061359356e+01 4.025626633161515855e+01 4.025638646037411661e+01 4.025641778730674503e+01 4.026098283363727148e+01 4.025438185429758420e+01 4.026132430811470897e+01 4.025423349790298744e+01 4.025454556040362775e+01 4.026121184551085008e+01 4.026127077566108881e+01 4.026041283411346683e+01 4.025565055647076207e+01 4.025623564185838887e+01 4.025799887741823113e+01 4.025456606294157069e+01 4.026047771225022132e+01 4.025541976156014812e+01 4.025908954108683702e+01 4.025756968561857008e+01 4.026037928105264996e+01 4.026177606124583264e+01 4.025801728509270561e+01 4.025782605904657174e+01 4.025953788716893911e+01 4.025450333132980774e+01 4.025570173553116149e+01 4.025518070302069873e+01 4.025518595841911207e+01 4.026159215666145741e+01
4.025960729202181199e+01 4.025646895424594618e+01 4.025657235358735875e+01 4.025659532772849758e+01 4.026056357278725528e+01 4.025483083589028865e+01 4.026086020863758108e+01 4.025469919444481803e+01 4.025497269892986196e+01 4.026076423799932513e+01 4.026081450598148592e+01 4.026006645114998150e+01 4.025593059318293854e+01 4.025643875388467308e+01 4.025797219238393154e+01 4.025499031687115092e+01 4.026012354457456155e+01 4.025573352492026658e+01 4.025891892892268231e+01 4.025759780532121113e+01 4.026003680654050498e+01 4.026125207314927223e+01 4.025798783797020519e+01 4.025782230850145993e+01 4.025930967606149835e+01 4.025493284271316696e+01 4.025597610081256761e+01 4.025552359005053660e+01 4.025552511320340443e+01 4.026109117586549502e+01
4.025936822754157163e+01 4.025664275448249185e+01 4.025673103877694103e+01 4.025675337181228741e+01 4.026020048814577734e+01 4.025521934303098703e+01 4.026045608759346806e+01 4.025510375511738204e+01 4.025534106775489818e+01 4.026037382757019856e+01 4.026041603823158255e+01 4.025976844458619297e+01 4.025617311383921759e+01 4.025661665469304040e+01 4.025794867781715425e+01 4.025535928928741214e+01 4.025981620742506806e+01 4.025600288038685193e+01 4.025876896592692589e+01 4.025762227812032990e+01 4.025974217552521850e+01 4.026079753657604954e+01 4.025795987641667750e+01 4.025781918990699637e+01 4.025910938306252262e+01 4.025530957779312047e+01 4.025621253052617732e+01 4.025581902316712046e+01 4.025582273918152509e+01 4.026065745558830855e+01
4.025916193536309606e+01 4.025679178466671715e+01 4.025686975392473244e+01 4.025689010558902936e+01 4.025988335840708032e+01 4.025555587403630398e+01 4.026010648293269867e+01 4.025545735769037492e+01 4.025566231283101359e+01 4.026003368597058341e+01 4.026007136978591205e+01 4.025950914797309821e+01 4.025638650785639783e+01 4.025677101764478039e+01 4.025792730377650486e+01 4.025567732633830786e+01 4.025955096091006880e+01 4.025623639706945056e+01 4.025864116236374457e+01 4.025764517688347865e+01 4.025948695366354713e+01 4.026040263568486921e+01 4.025793799523189165e+01 4.025781429051661320e+01 4.025893589727257904e+01 4.025563556648700825e+01 4.025642019774286950e+01 4.025607846821056768e+01 4.025608217801421773e+01 4.026028176351526611e+01
4.025898138253502623e+01 4.025692315649542508e+01 4.025699128635520196e+01 4.025700703899641297e+01 4.025960806742254761e+01 4.025584928713441002e+01 4.025980274874374487e+01 4.025576346958607843e+01 4.025594213179012826e+01 4.025973952620028484e+01 4.025977251556051328e+01 4.025928259918178753e+01 4.025657102895960548e+01 4.025690433970059701e+01 4.025790928470640750e+01 4.025595429912363699e+01 4.025931968636672309e+01 4.025644103406614960e+01 4.025853002630756095e+01 4.025766431296941761e+01 4.025926347155024132e+01 4.026005935349522247e+01 4.025791919643990724e+01 4.025781085379497171e+01 4.025878607353532601e+01 4.025591725345709904e+01 4.025660054202504767e+01 4.025630382962042120e+01 4.025630548164613742e+01 4.025995425035318931e+01
4.025882440127386985e+01 4.025703742428988363e+01 4.025709589968984403e+01 4.025710962249070946e+01 4.025936979579000763e+01 4.025610410547831464e+01 4.025953820633631608e+01 4.025602857057029382e+01 4.025618411668328633e+01 4.025948401397463527e+01 4.025951194778115649e+01 4.025908660271456796e+01 4.025673016239991853e+01 4.025702050175645752e+01 4.025789387065925951e+01 4.025619580083814242e+01 4.025911826536456317e+01 4.025661820089964493e+01 4.025843223335880339e+01 4.025768035405552325e+01 4.025906973687569490e+01 4.025976134147886398e+01 4.025790148315851269e+01 4.025780864252283919e+01 4.025865529559786182e+01 4.025616313907627131e+01 4.025675594070418839e+01 4.025649803010420413e+01 4.025649976672588082e+01 4.025966972706360991e+01
4.025868881369689234e+01 4.025713555370632690e+01 4.025718657476888751e+01 4.025719921921111677e+01 4.025916237793385477e+01 4.025632481938858831e+01 4.025930875684615984e+01 4.025625965089777480e+01 4.025639428435771094e+01 4.025926139314189811e+01 4.025928575013482202e+01 4.025891671189280885e+01 4.025686925691123719e+01 4.025712160263864803e+01 4.025788006271324093e+01 4.025640474056211104e+01 4.025894398777406735e+01 4.025677133323527812e+01 4.025834786512096031e+01 4.025769489419162994e+01 4.025890222874186719e+01 4.025950255850474235e+01 4.025788654151772761e+01 4.025780593135122132e+01 4.025854149667994619e+01 4.025637691765670212e+01 4.025689141710640939e+01 4.025666731002279874e+01 4.025666940954889839e+01 4.025942322871538437e+01
4.025857077957568464e+01 4.025722113712265582e+01 4.025726587370142084e+01 4.025727625882113614e+01 4.025898194915622241e+01 4.025651675993790946e+01 4.025910968456044259e+01 4.025646038217575295e+01 4.025657735135223447e+01 4.025906830449889640e+01 4.025908972566664090e+01 4.025876856754619837e+01 4.025699026022257954e+01 4.025720910156172039e+01 4.025786808948280537e+01 4.025658603591488571e+01 4.025879259059687598e+01 4.025690491986302533e+01 4.025827497835586399e+01 4.025770753833835158e+01 4.025875618869726225e+01 4.025927765669683822e+01 4.025787407244524729e+01 4.025780347010253024e+01 4.025844305288210023e+01 4.025656182817684225e+01 4.025700949219009317e+01 4.025681485902821777e+01 4.025681616672913066e+01 4.025920886575098478e+01
4.025846794141180851e+01 4.025729587731862580e+01 4.025733458539752263e+01 4.025734320643746855e+01 4.025882556495885467e+01 4.025668365772504131e+01 4.025893648616279563e+01 4.025663424998079876e+01 4.025673610520060919e+01 4.025890081476996585e+01 4.025891918553302418e+01 4.025863992948860925e+01 4.025709478175947709e+01 4.025728508869169531e+01 4.025785786953088063e+01 4.025674397395460602e+01 4.025866072112825123e+01 4.025702106075262776e+01 4.025821117364075974e+01 4.025771816120077773e+01 4.025862914363384704e+01 4.025908231099741386e+01 4.025786276123861285e+01 4.025780176005125810e+01 4.025835745942892174e+01 4.025672261177913214e+01 4.025711157682528807e+01 4.025694244168060010e+01 4.025694337677884249e+01 4.025902242962433775e+01
4.025837886384972819e+01 4.025736040298685481e+01 4.025739401571573950e+01 4.025740171673265877e+01 4.025868970973627370e+01 4.025682838000917485e+01 4.025878603027887692e+01 4.025678541907402064e+01 4.025687378775113956e+01 4.025875507353160287e+01 4.025877091628710502e+01 4.025852846072314861e+01 4.025718567355347943e+01 4.025735122342584305e+01 4.025784887361382403e+01 4.025688101364203675e+01 4.025854632398385036e+01 4.025712154768195461e+01 4.025815572702817491e+01 4.025772749822320407e+01 4.025851913925559700e+01 4.025891268284944147e+01 4.025785283924231095e+01 4.025780011702406114e+01 4.025828291275088588e+01 4.025686255646579070e+01 4.025720019435820518e+01 4.025705318874307181e+01 4.025705424957520506e+01 4.025886071187406401e+01
4.025830152720212141e+01 4.025741636488542952e+01 4.025744579252938138e+01 4.025745233167396009e+01 4.025857151767653619e+01 4.025695404799746768e+01 4.025865548217670664e+01 4.025691687052325562e+01 4.025699355689798153e+01 4.025862845410326685e+01 4.025864231317549269e+01 4.025843148329802546e+01 4.025726484206101219e+01 4.025740858005880796e+01 4.025784098295609681e+01 4.025699981632550362e+01 4.025844706816963736e+01 4.025720889684944837e+01 4.025810780986320481e+01 4.025773571711821575e+01 4.025842352310106520e+01 4.025876530460168112e+01 4.025784448259604886e+01 4.025779849838384195e+01 4.025821826502750866e+01 4.025698385416924197e+01 4.025727739813001449e+01 4.025714967385589915e+01 4.025715048836696042e+01 4.025872026000231330e+01
4.025823418152225486e+01 4.025746517769017174e+01 4.025749079477328962e+01 4.025749615587098873e+01 4.025846892450146441e+01 4.025706330249844456e+01 4.025854201791835152e+01 4.025703086381955131e+01 4.025709757918046705e+01 4.025851860048906161e+01 4.025853058321459343e+01 4.025834715076832993e+01 4.025733341905488771e+01 4.025745832870889984e+01 4.025783419168487143e+01 4.025710313691959641e+01 4.025836070885669216e+01 4.025728490532220860e+01 4.025806607125837644e+01 4.025774271826811201e+01 4.025834029267505798e+01 4.025863726398447540e+01 4.025783713229086658e+01 4.025779722320619669e+01 4.025816214685141858e+01 4.025708912564740416e+01 4.025734434713091758e+01 4.025723335304071782e+01 4.025723386730723519e+01 4.025859812131639615e+01
4.025817571176348508e+01 4.025750749699439268e+01 4.025752975200139616e+01 4.025753435207495556e+01 4.025837985916098205e+01 4.025715813491995476e+01 4.025844339800539728e+01 4.025712983541427548e+01 4.025718779964783778e+01 4.025842312032629877e+01 4.025843342656535384e+01 4.025827399793071493e+01 4.025739290906771828e+01 4.025750157867925338e+01 4.025782827427164534e+01 4.025719290448270726e+01 4.025828567640911615e+01 4.025735079290310381e+01 4.025802970952877047e+01 4.025774876654115531e+01 4.025826808393319567e+01 4.025852605980605148e+01 4.025783061645932293e+01 4.025779612806866226e+01 4.025811330580929592e+01 4.025718069373425578e+01 4.025740238443550112e+01 4.025730589658078884e+01 4.025730637355292885e+01 4.025849206208535236e+01
4.025812497625917530e+01 4.025754414425088612e+01 4.025756359361047743e+01 4.025756751085631180e+01 4.025830241675163279e+01 4.025724043943360186e+01 4.025835777762807055e+01 4.025721587485610797e+01 4.025726618413692393e+01 4.025834012106195559e+01 4.025834907163965681e+01 4.025821044141770244e+01 4.025744467439685792e+01 4.025753912949159030e+01 4.025782307671614291e+01 4.025727075703579771e+01 4.025822056288488682e+01 4.025740796738999450e+01 4.025799820350992064e+01 4.025775407267229866e+01 4.025820539517878416e+01 4.025842945532077266e+01 4.025782502797585494e+01 4.025779506969003307e+01 4.025807087666798623e+01 4.025726017908667842e+01 4.025745286305823356e+01 4.025736899394503610e+01 4.025736938956934097e+01 4.025839997830939154e+01
4.025808084352488692e+01 4.025757602805047242e+01 4.025759301977394955e+01 4.025759621523486231e+01 4.025823513386522023e+01 4.025731195079655578e+01 4.025828339992406768e+01 4.025729055892646358e+01 4.025733429006120900e+01 4.025826806271288660e+01 4.025827581801861754e+01 4.025815516431146790e+01 4.025748960044757752e+01 4.025757169588158035e+01 4.025781856354485910e+01 4.025733837708641971e+01 4.025816396426958477e+01 4.025745768388760126e+01 4.025797083107546825e+01 4.025775864298332607e+01 4.025815085851713349e+01 4.025834552007657408e+01 4.025782018024732878e+01 4.025779415596792177e+01 4.025803404710737965e+01 4.025732913239577471e+01 4.025749670243269662e+01 4.025742379831486062e+01 4.025742402637715855e+01 4.025831993768628791e+01
4.025804248098046401e+01 4.025760372257609276e+01 4.025761852824220455e+01 4.025762116262632873e+01 4.025817671457507174e+01 4.025737405136577962e+01 4.025821875143645912e+01 4.025735537169627065e+01 4.025739338801668055e+01 4.025820546638234987e+01 4.025821213819544653e+01 4.025810716166256498e+01 4.025752855277606557e+01 4.025759997632717813e+01 4.025781464041467217e+01 4.025739713600705727e+01 4.025811476105852904e+01 4.025750083560137682e+01 4.025794698664911664e+01 4.025776256773945505e+01 4.025810347945311918e+01 4.025827260602483193e+01 4.025781589665240290e+01 4.025779338322216461e+01 4.025800202017371987e+01 4.025738904890474146e+01 4.025753471100385639e+01 4.025747131835768755e+01 4.025747146755510641e+01 4.025825039239941816e+01
4.025800917567168824e+01 4.025762771465372936e+01 4.025764065427090088e+01 4.025764284124944936e+01 4.025812594326082916e+01 4.025742794718593842e+01 4.025816259368448158e+01 4.025741167906636520e+01 4.025744469517924529e+01 4.025815105263175298e+01 4.025815681188066009e+01 4.025806547130211754e+01 4.025756239909463829e+01 4.025762453400818686e+01 4.025781120050010031e+01 4.025744812621854862e+01 4.025807203399489964e+01 4.025753826445082950e+01 4.025792627688986158e+01 4.025776598251755445e+01 4.025806234592832311e+01 4.025820926318434800e+01 4.025781217053788197e+01 4.025779266714010873e+01 4.025797417426008451e+01 4.025744108939760224e+01 4.025756772132771033e+01 4.025751259248355041e+01 4.025751269601588689e+01 4.025818999815797383e+01
4.025798022504951490e+01 4.025764854523700365e+01 4.025765987737513285e+01 4.025766162426731398e+01 4.025808181519263229e+01 4.025747474893052669e+01 4.025811381231234520e+01 4.025746057466010086e+01 4.025748926396612148e+01 4.025810378241850884e+01 4.025810876086900691e+01 4.025802922218652213e+01 4.025759179332437299e+01 4.025764583556411225e+01 4.025780819494833196e+01 4.025749238555518161e+01 4.025803490964813136e+01 4.025757077737306844e+01 4.025790829277909211e+01 4.025776893633225484e+01 4.025802658430527714e+01 4.025815422492869544e+01 4.025780894182128122e+01 4.025779201998041401e+01 4.025794998775305800e+01 4.025748624224408445e+01 4.025759639628592623e+01 4.025754845035299923e+01 4.025754846950549393e+01 4.025813751868836476e+01
4.025795504872678521e+01 4.025766664055373667e+01 4.025767655371532783e+01 4.025767791910620730e+01 4.025804348350010287e+01 4.025751539177690574e+01 4.025807141576265735e+01 4.025750300704427787e+01 4.025752795070911105e+01 4.025806272012079745e+01 4.025806700041898267e+01 4.025799771968021190e+01 4.025761728454991584e+01 4.025766431868076012e+01 4.025780557587086150e+01 4.025753082977439590e+01 4.025800263313165317e+01 4.025759900849477191e+01 4.025789263773103244e+01 4.025777147069825901e+01 4.025799549558090717e+01 4.025810640394476536e+01 4.025780610403860038e+01 4.025779145897125488e+01 4.025792896274393939e+01 4.025752544683076906e+01 4.025762126846896649e+01 4.025757955767758034e+01 4.025757951040917959e+01 4.025809190918055691e+01
4.025793317384652426e+01 4.025768232708021799e+01 4.025769101041672116e+01 4.025769207123067872e+01 4.025801017485462552e+01 4.025755066720680020e+01 4.025803457315422662e+01 4.025753984944113739e+01 4.025756152607009142e+01 4.025802702910407760e+01 4.025803070524223415e+01 4.025797035290974435e+01 4.025763941012441194e+01 4.025768036168332742e+01 4.025780328086568716e+01 4.025756420137899738e+01 4.025797458666880857e+01 4.025762349695156672e+01 4.025787902018898023e+01 4.025777365828491128e+01 4.025796849024377622e+01 4.025806485423660774e+01 4.025780361620716263e+01 4.025779095132154595e+01 4.025791067609157636e+01 4.025755949532975109e+01 4.025764285037502788e+01 4.025760655385543174e+01 4.025760646952326027e+01 4.025805228606672870e+01
4.025791416083026775e+01 4.025769592978952716e+01 4.025770355583539128e+01 4.025770434041344714e+01 4.025798121995796919e+01 4.025758128695707683e+01 4.025800256246838416e+01 4.025757184014605627e+01 4.025759067843988248e+01 4.025799601028077745e+01 4.025799917124900418e+01 4.025794656191065002e+01 4.025765862118198157e+01 4.025769427690268998e+01 4.025780126738989395e+01 4.025759316005602528e+01 4.025795021572644572e+01 4.025764475103957096e+01 4.025786718632918593e+01 4.025777554730770191e+01 4.025794501737492226e+01 4.025802874808746878e+01 4.025780144954904927e+01 4.025779048525106418e+01 4.025789477994027976e+01 4.025758904322813692e+01 4.025766158876810152e+01 4.025762999728280533e+01 4.025762986843679414e+01 4.025801785658951104e+01
4.025789762363614699e+01 4.025770773645874101e+01 4.025771443821076190e+01 4.025771497371236762e+01 4.025795605635699559e+01 4.025760786988142570e+01 4.025797474077915439e+01 4.025759960295672357e+01 4.025761598354173287e+01 4.025796905743671772e+01 4.025797176573877323e+01 4.025792587670026990e+01 4.025767528433859610e+01 4.025770634344495846e+01 4.025779950451835276e+01 4.025761830036004341e+01 4.025792902631461345e+01 4.025766320146434651e+01 4.025785688811047436e+01 4.025777716667461448e+01 4.025792460562851005e+01 4.025799736998636291e+01 4.025779954910279912e+01 4.025779006860075526e+01 4.025788095895210006e+01 4.025761468608663307e+01 4.025767784473809741e+01 4.025765033947897820e+01 4.025765016632113458e+01 4.025798793031328415e+01
4.025788324394956419e+01 4.025771797292085807e+01 4.025772386867380703e+01 4.025772419785478462e+01 4.025793418631150900e+01 4.025763094042460466e+01 4.025795055653250643e+01 4.025762369764301241e+01 4.025763794077708724e+01 4.025794562911985253e+01 4.025794794141956601e+01 4.025790789761917665e+01 4.025768973686820118e+01 4.025771680898043314e+01 4.025779795671407868e+01 4.025764012180526663e+01 4.025791060403847155e+01 4.025767920580893389e+01 4.025784792205168117e+01 4.025777855480985323e+01 4.025790686305634836e+01 4.025797010022692746e+01 4.025779787619678984e+01 4.025778969176404587e+01 4.025786893446854720e+01 4.025763694723447372e+01 4.025769194243149940e+01 4.025766798514683131e+01 4.025766778236953769e+01 4.025796192167825183e+01
4.025787074035876856e+01 4.025772684260267198e+01 4.025773204279785489e+01 4.025773219336334563e+01 4.025791517147229825e+01 4.025765095925799386e+01 4.025792953609570901e+01 4.025764461199116795e+01 4.025765699584599133e+01 4.025792526083333200e+01 4.025792723312377319e+01 4.025789226531694709e+01 4.025770227702140858e+01 4.025772588228784343e+01 4.025779659360462404e+01 4.025765905402437284e+01 4.025789458927884823e+01 4.025769308729392293e+01 4.025784012088092823e+01 4.025777974628815770e+01 4.025789143810040116e+01 4.025794639802765573e+01 4.025779640918045743e+01 4.025778934382036311e+01 4.025785847342147861e+01 4.025765626485429749e+01 4.025770417312348570e+01 4.025768329811415214e+01 4.025768306883864511e+01 4.025793931712187401e+01
4.025785986159193897e+01 4.025773453180651273e+01 4.025773912765648532e+01 4.025773911756812140e+01 4.025789863850715022e+01 4.025766833119298838e+01 4.025791126219323246e+01 4.025766275954374152e+01 4.025767353116060576e+01 4.025790755454472958e+01 4.025790923134740495e+01 4.025787866834318152e+01 4.025771315168728393e+01 4.025773374461549281e+01 4.025779539316644673e+01 4.025767548084506586e+01 4.025788066184392022e+01 4.025770513000225037e+01 4.025783332902796730e+01 4.025778076362673374e+01 4.025787802093638845e+01 4.025792579383680447e+01 4.025779511943936484e+01 4.025778902500959333e+01 4.025784937210421788e+01 4.025767302325394326e+01 4.025771478015693816e+01 4.025769658258897721e+01 4.025769632595891068e+01 4.025791966525697774e+01
4.025785039489604600e+01 4.025774119445725319e+01 4.025774526312564205e+01 4.025774511552189949e+01 4.025788426320792013e+01 4.025768340313288718e+01 4.025789537203679203e+01 4.025767850292120187e+01 4.025768787456927100e+01 4.025789215921466280e+01 4.025789357736925211e+01 4.025786684233671053e+01 4.025772257764223383e+01 4.025774055675802288e+01 4.025779433417194042e+01 4.025768973335998879e+01 4.025786854678032967e+01 4.025771557261173683e+01 4.025782741073587800e+01 4.025778162892313361e+01 4.025786635021057691e+01 4.025790788109357976e+01 4.025779397998159936e+01 4.025778873278964909e+01 4.025784144940944032e+01 4.025768756325989983e+01 4.025772397383865098e+01 4.025770810129091615e+01 4.025770782314030072e+01 4.025790257889524781e+01
4.025784215676940647e+01 4.025774696251933449e+01 4.025775057437539317e+01 4.025775030938089571e+01 4.025787176006832624e+01 4.025769647589646638e+01 4.025788155378150890e+01 4.025769216095602587e+01 4.025770031511478919e+01 4.025787876934973042e+01 4.025787996378911515e+01 4.025785655473865887e+01 4.025773074857688982e+01 4.025774645699723919e+01 4.025779339677792734e+01 4.025770209449234471e+01 4.025785800807195614e+01 4.025772462407026353e+01 4.025782225377200518e+01 4.025778236425031054e+01 4.025785619800797122e+01 4.025789230606416425e+01 4.025779297342712937e+01 4.025778846099748876e+01 4.025783455046951076e+01 4.025770017597035633e+01 4.025773194234940888e+01 4.025771808924645967e+01 4.025771779374199610e+01 4.025788772249211434e+01
4.025783498439933794e+01 4.025775195549095287e+01 4.025775517132397141e+01 4.025775480244072924e+01 4.025786088273601138e+01 4.025770781343773308e+01 4.025786953538833046e+01 4.025770400712702468e+01 4.025771110429688804e+01 4.025786712266635448e+01 4.025786812345484122e+01 4.025784760156726350e+01 4.025773782920763466e+01 4.025775156424660395e+01 4.025779256544738161e+01 4.025771281314015937e+01 4.025784883788782764e+01 4.025773246940909900e+01 4.025781775859252321e+01 4.025778298622748963e+01 4.025784736268326469e+01 4.025787876110202035e+01 4.025779208324538416e+01 4.025778820739711250e+01 4.025782854194329019e+01 4.025771111260010571e+01 4.025773884735706076e+01 4.025772674849097399e+01 4.025772643617121815e+01 4.025787480173216437e+01
4.025782873714639720e+01 4.025775627601142759e+01 4.025775914699801916e+01 4.025775868761802201e+01 4.025785141861330629e+01 4.025771764414064791e+01 4.025785907936339214e+01 4.025771427838024863e+01 4.025772045811041266e+01 4.025785699038126353e+01 4.025785782220373221e+01 4.025783980804442308e+01 4.025774396123809140e+01 4.025775598301670755e+01 4.025779182670831347e+01 4.025772210659500416e+01 4.025784085544269431e+01 4.025773926697524985e+01 4.025781383662140911e+01 4.025778350885182277e+01 4.025783967113527950e+01 4.025786697949492776e+01 4.025779129249428223e+01 4.025778797081120786e+01 4.025782330624222283e+01 4.025772059461962726e+01 4.025774482712647284e+01 4.025773425179040288e+01 4.025773392489747238e+01 4.025786356180652348e+01
4.025782329433678086e+01 4.025776001114743252e+01 4.025776258259595863e+01 4.025776204574051320e+01 4.025784318161270647e+01 4.025772616533030401e+01 4.025784998056577280e+01 4.025772318257565274e+01 4.025772856495477470e+01 4.025784817258877979e+01 4.025784885763381737e+01 4.025783302240405703e+01 4.025774927016949789e+01 4.025775980418934807e+01 4.025779116795668955e+01 4.025773016145328143e+01 4.025783390532298256e+01 4.025774515343238846e+01 4.025781041290491657e+01 4.025778394580812858e+01 4.025783297409603279e+01 4.025785672959491279e+01 4.025779058830486434e+01 4.025778774825447215e+01 4.025781874136798422e+01 4.025772881385692159e+01 4.025775000359219291e+01 4.025774075145052677e+01 4.025774041280332938e+01 4.025785378256689739e+01
4.025781855012783694e+01 4.025776323800557321e+01 4.025776554975973909e+01 4.025776494527597293e+01 4.025783600999059075e+01 4.025773354929304304e+01 4.025784206097814177e+01 4.025773089968935636e+01 4.025773558941607178e+01 4.025784049667774411e+01 4.025784105465240259e+01 4.025782711155481763e+01 4.025775386469944550e+01 4.025776310600856789e+01 4.025779057861443988e+01 4.025773714010089321e+01 4.025782785200790670e+01 4.025775024909052036e+01 4.025780742261960654e+01 4.025778430856767187e+01 4.025782714038956556e+01 4.025784780993966194e+01 4.025778996007993271e+01 4.025778753756036110e+01 4.025781475960652500e+01 4.025773593542545825e+01 4.025775448301493498e+01 4.025774638023489871e+01 4.025774603098031434e+01 4.025784527187821027e+01
4.025781441224644652e+01 4.025776602402536497e+01 4.025776811003255773e+01 4.025776744635969351e+01 4.025782976406784996e+01 4.025773994583605031e+01 4.025783516531834039e+01 4.025773758519414969e+01 4.025774167362602185e+01 4.025783381292477969e+01 4.025783426036830548e+01 4.025782196041748762e+01 4.025775783809217501e+01 4.025776595666848579e+01 4.025779004981305320e+01 4.025774318456740275e+01 4.025782257717026624e+01 4.025775465822300703e+01 4.025780480830398744e+01 4.025778460646535706e+01 4.025782205615963960e+01 4.025784004565613827e+01 4.025778939739895890e+01 4.025778733769969620e+01 4.025781128433273182e+01 4.025774210364797767e+01 4.025775835656838808e+01 4.025775125207092486e+01 4.025775089329611944e+01 4.025783786263680497e+01
4.025781080123554290e+01 4.025776842680300405e+01 4.025777031656839711e+01 4.025776960185376652e+01 4.025782432224727359e+01 4.025774548453172486e+01 4.025782915891226565e+01 4.025774337477942311e+01 4.025774694087988337e+01 4.025782799066752204e+01 4.025782834196005666e+01 4.025781746949118656e+01 4.025776127199800669e+01 4.025776841566419506e+01 4.025778957352075338e+01 4.025774841762923728e+01 4.025781797857999322e+01 4.025775847064377899e+01 4.025780252039267992e+01 4.025778484809263347e+01 4.025781762328748670e+01 4.025783328495050739e+01 4.025778889141946593e+01 4.025778714719432116e+01 4.025780824871811348e+01 4.025774744428026963e+01 4.025776170372840568e+01 4.025775546624428358e+01 4.025775509953980702e+01 4.025783141028482248e+01
4.025780764797259081e+01 4.025777049653085982e+01 4.025777221601958189e+01 4.025777145705419713e+01 4.025781957860954208e+01 4.025775027806223960e+01 4.025782392505450957e+01 4.025774838646847087e+01 4.025775149876282910e+01 4.025782291657549194e+01 4.025782318450445274e+01 4.025781355189074873e+01 4.025776423766495782e+01 4.025777053443506759e+01 4.025778914273253406e+01 4.025775294565096374e+01 4.025781396754132402e+01 4.025776176479619295e+01 4.025780051630020751e+01 4.025778504103811883e+01 4.025781375618512925e+01 4.025782739588546377e+01 4.025778843501320381e+01 4.025778696455847694e+01 4.025780559506662826e+01 4.025775206589756294e+01 4.025776459399210694e+01 4.025775910957786152e+01 4.025775873600439070e+01 4.025782578913837995e+01
4.025780489210571034e+01 4.025777227724817919e+01 4.025777384885898869e+01 4.025777305123168759e+01 4.025781544143330848e+01 4.025775442452436437e+01 4.025781936216392864e+01 4.025775272235591729e+01 4.025775544058983257e+01 4.025781849247456989e+01 4.025781868801309571e+01 4.025781013210962556e+01 4.025776679649693079e+01 4.025777235761908912e+01 4.025778875154946945e+01 4.025775686143872178e+01 4.025781046669040819e+01 4.025776460902513776e+01 4.025779875866204094e+01 4.025778519158514968e+01 4.025781038026354963e+01 4.025782226385791063e+01 4.025778802164624892e+01 4.025778678889437856e+01 4.025780327326394570e+01 4.025775606286569541e+01 4.025776708737323162e+01 4.025776225705839551e+01 4.025776187733265488e+01 4.025782088978242257e+01
4.025780248140682005e+01 4.025777380692996843e+01 4.025777525000421520e+01 4.025777441885004038e+01 4.025781183109803152e+01 4.025775800895058154e+01 4.025781538196285680e+01 4.025775647120250511e+01 4.025775884720312803e+01 4.025781463290303464e+01 4.025781476548171867e+01 4.025780714482766598e+01 4.025776900185503138e+01 4.025777392412747702e+01 4.025778839478500970e+01 4.025776024556511601e+01 4.025780740891957521e+01 4.025776706237326863e+01 4.025779721493960039e+01 4.025778530525455068e+01 4.025780743103694448e+01 4.025781778938285527e+01 4.025778764549787780e+01 4.025778661936261926e+01 4.025780123960082335e+01 4.025775951746251025e+01 4.025776923589782541e+01 4.025776497368561735e+01 4.025776458868524799e+01 4.025781661735735639e+01
4.025780037059818284e+01 4.025777511844209045e+01 4.025777644990729698e+01 4.025777558973057779e+01 4.025780867828525800e+01 4.025776110514902228e+01 4.025781190791166608e+01 4.025775971028387801e+01 4.025776178897366719e+01 4.025781126357723849e+01 4.025781134149957552e+01 4.025780453322251162e+01 4.025777090032621430e+01 4.025777526771833692e+01 4.025778806786347985e+01 4.025776316780409303e+01 4.025780473607733256e+01 4.025776917614506800e+01 4.025779585710560582e+01 4.025778538697662867e+01 4.025780485250186302e+01 4.025781388603370203e+01 4.025778730175419895e+01 4.025778645505275222e+01 4.025779945619142808e+01 4.025776250098461162e+01 4.025777108497847223e+01 4.025776731619326654e+01 4.025776692668041079e+01 4.025781288953169224e+01
4.025779852021729255e+01 4.025777624052491888e+01 4.025777747508883664e+01 4.025777658963538386e+01 4.025780592283385317e+01 4.025776377733544109e+01 4.025780887350047266e+01 4.025776250659600919e+01 4.025776432706584984e+01 4.025780832010230625e+01 4.025780835058552043e+01 4.025780224784055150e+01 4.025777253225754038e+01 4.025777641765465376e+01 4.025778776687371874e+01 4.025776568886405471e+01 4.025780239755300727e+01 4.025777099505933165e+01 4.025779466076288315e+01 4.025778544094320210e+01 4.025780259585647514e+01 4.025781047872359153e+01 4.025778698620867146e+01 4.025778629528193875e+01 4.025779789019278354e+01 4.025776507526094861e+01 4.025777267401561232e+01 4.025776933380891620e+01 4.025776894031140785e+01 4.025780963467975937e+01
4.025779689600147293e+01 4.025777719812067801e+01 4.025777834848797454e+01 4.025777744105822364e+01 4.025780351255737344e+01 4.025776608126336953e+01 4.025780622090427130e+01 4.025776491828437287e+01 4.025776651450441079e+01 4.025780574652434751e+01 4.025780573577560517e+01 4.025780024581740690e+01 4.025777393261549264e+01 4.025777739939750433e+01 4.025778748842933652e+01 4.025776786153814868e+01 4.025780034936082075e+01 4.025777255787808429e+01 4.025779360462068723e+01 4.025778547076212988e+01 4.025780061877803462e+01 4.025780750225386129e+01 4.025778669509122665e+01 4.025778613950696183e+01 4.025779651301132134e+01 4.025776729412135779e+01 4.025777403713031077e+01 4.025777106916380887e+01 4.025777067219676297e+01 4.025780679060874689e+01
4.025779546825814492e+01 4.025777801279929946e+01 4.025777909003135591e+01 4.025777816355964944e+01 4.025780140207676538e+01 4.025776806530930685e+01 4.025780389993946784e+01 4.025776699593438934e+01 4.025776839736359136e+01 4.025780349418870685e+01 4.025780344762249285e+01 4.025779848993826704e+01 4.025777513186409351e+01 4.025777823507281994e+01 4.025778722955139699e+01 4.025776973159713634e+01 4.025779855336253377e+01 4.025777389821833196e+01 4.025779267025764341e+01 4.025778547962856635e+01 4.025779888456385436e+01 4.025780489999905143e+01 4.025778642518992001e+01 4.025778598717816692e+01 4.025779529980742666e+01 4.025776920431643902e+01 4.025777520402356657e+01 4.025777255936418442e+01 4.025777215942168397e+01 4.025780430335430538e+01
4.025779421116292411e+01 4.025777870334573549e+01 4.025777971707545078e+01 4.025777877405710825e+01 4.025779955196479420e+01 4.025776977152259661e+01 4.025780186703202901e+01 4.025776878347050314e+01 4.025777001570575919e+01 4.025780152087202168e+01 4.025780144321356602e+01 4.025779694782690399e+01 4.025777615646404684e+01 4.025777894386983036e+01 4.025778698766281849e+01 4.025777133879643799e+01 4.025779697641975474e+01 4.025777504534077877e+01 4.025779184169673641e+01 4.025778547030900967e+01 4.025779736127772424e+01 4.025780262276581567e+01 4.025778617374983526e+01 4.025778583782475550e+01 4.025779422904405180e+01 4.025777084638581016e+01 4.025777620051763961e+01 4.025777383667170994e+01 4.025777343413336951e+01 4.025780212601341645e+01
4.025779310226566565e+01 4.025777928610383327e+01 4.025778024467310701e+01 4.025777928726230925e+01 4.025779792800975088e+01 4.025777123643750599e+01 4.025780008430858459e+01 4.025777031900486236e+01 4.025777140429835299e+01 4.025779978991508301e+01 4.025779968524683738e+01 4.025779559137721009e+01 4.025777702934816915e+01 4.025777954246130008e+01 4.025778676054073912e+01 4.025777271770910204e+01 4.025779558972093497e+01 4.025777602465981886e+01 4.025779110501412106e+01 4.025778544517762469e+01 4.025779602117584233e+01 4.025780062783007907e+01 4.025778593833056362e+01 4.025778569107602323e+01 4.025779328200161444e+01 4.025777225557000349e+01 4.025777704899570608e+01 4.025777492905214672e+01 4.025777452424398462e+01 4.025780021783361207e+01
4.025779212209405244e+01 4.025777977523082285e+01 4.025778068588209635e+01 4.025777971598348870e+01 4.025779650048985303e+01 4.025777249176424277e+01 4.025779851887851635e+01 4.025777163566241512e+01 4.025777259332762981e+01 4.025779826945255735e+01 4.025779814131767864e+01 4.025779439619935118e+01 4.025777777045531991e+01 4.025778004534087273e+01 4.025778654624251374e+01 4.025777389834483699e+01 4.025779436826093871e+01 4.025777685821642393e+01 4.025779044812392726e+01 4.025778540631316105e+01 4.025779484019396648e+01 4.025779887808818103e+01 4.025778571681424722e+01 4.025778554659032693e+01 4.025779244240710852e+01 4.025777346249947897e+01 4.025777776890441828e+01 4.025777586080127435e+01 4.025777545403415303e+01 4.025779854344219189e+01
4.025779125373459522e+01 4.025778018302438710e+01 4.025778105206244106e+01 4.025778007132300473e+01 4.025779524357567141e+01 4.025777356504767823e+01 4.025779714218682415e+01 4.025777276222488865e+01 4.025777360903198598e+01 4.025779693181073071e+01 4.025779678329918454e+01 4.025779334109262209e+01 4.025777839712103656e+01 4.025778046508872876e+01 4.025778634307780379e+01 4.025777490675393722e+01 4.025779329032855003e+01 4.025777756516828987e+01 4.025778986055032505e+01 4.025778535552917958e+01 4.025779379742003528e+01 4.025779734131002385e+01 4.025778550738570516e+01 4.025778540405919159e+01 4.025779169613955588e+01 4.025777449375350869e+01 4.025777837715546070e+01 4.025777665304792663e+01 4.025777624458201842e+01 4.025779707211398772e+01
4.025779048248318759e+01 4.025778052018534225e+01 4.025778135308169681e+01 4.025778036291734452e+01 4.025779413484277569e+01 4.025777448022235205e+01 4.025779592942435414e+01 4.025777372367430473e+01 4.025777447419829969e+01 4.025779575296523660e+01 4.025779558675692726e+01 4.025779240763863243e+01 4.025777892438399874e+01 4.025778081262843244e+01 4.025778614958601054e+01 4.025777576557865700e+01 4.025779233705326732e+01 4.025777816216633909e+01 4.025778933318137831e+01 4.025778529438871800e+01 4.025779287467813816e+01 4.025779598950114746e+01 4.025778530845720127e+01 4.025778526322994111e+01 4.025779103093599076e+01 4.025777537241652482e+01 4.025777888842563357e+01 4.025777732412919363e+01 4.025777691418011273e+01 4.025779577715123025e+01
4.025778979557471615e+01 4.025778079599891868e+01 4.025778159750029772e+01 4.025778059915079155e+01 4.025779315481776166e+01 4.025777525807082924e+01 4.025779485903974830e+01 4.025777454171018377e+01 4.025777520860881964e+01 4.025779471204297977e+01 4.025779453046060041e+01 4.025779157985073198e+01 4.025777936530458589e+01 4.025778109745333211e+01 4.025778596449695357e+01 4.025777649448601636e+01 4.025779149204682739e+01 4.025777866366065183e+01 4.025778885809711483e+01 4.025778522425023453e+01 4.025779205619262058e+01 4.025779479834903896e+01 4.025778511864157849e+01 4.025778512388289698e+01 4.025779043613771080e+01 4.025777611855223626e+01 4.025777931545643895e+01 4.025777788996396822e+01 4.025777747872849233e+01 4.025779463537132585e+01
4.025778918192663980e+01 4.025778101852333890e+01 4.025778179275725677e+01 4.025778078730291298e+01 4.025779228658024067e+01 4.025777591664102317e+01 4.025779391231981208e+01 4.025777523518785017e+01 4.025777582945084276e+01 4.025779379091117960e+01 4.025779359597626694e+01 4.025779084384140560e+01 4.025777973123664566e+01 4.025778132780814644e+01 4.025778578670409047e+01 4.025777711054895747e+01 4.025779074108126565e+01 4.025777908220104706e+01 4.025778842842795768e+01 4.025778514629964633e+01 4.025779132826343698e+01 4.025779374673648192e+01 4.025778493674334158e+01 4.025778498581928488e+01 4.025778990248930000e+01 4.025777674958189323e+01 4.025777966932338359e+01 4.025777836438960122e+01 4.025777795204010800e+01 4.025779362664236771e+01
4.025778863190792123e+01 4.025778119476512273e+01 4.025778194531748966e+01 4.025778093368985111e+01 4.025779151543501655e+01 4.025777647161279305e+01 4.025779307301058907e+01 4.025777582048009862e+01 4.025777635165516699e+01 4.025779297382540278e+01 4.025779276729461742e+01 4.025779018754391814e+01 4.025778003203812005e+01 4.025778151085122403e+01 4.025778561524854382e+01 4.025777762859954123e+01 4.025779007179527724e+01 4.025777942869449078e+01 4.025778803820637108e+01 4.025778506156397896e+01 4.025779067898462671e+01 4.025779281632105011e+01 4.025778476172445863e+01 4.025778484886994590e+01 4.025778942195499610e+01 4.025777728063184213e+01 4.025777995964566713e+01 4.025777875942412720e+01 4.025777834610470052e+01 4.025779273347411902e+01
4.025778813715326265e+01 4.025778133081004029e+01 4.025778206079253607e+01 4.025778104380174938e+01 4.025779082862148073e+01 4.025777693660469225e+01 4.025779232699204613e+01 4.025777631180507399e+01 4.025777678818607086e+01 4.025779224711046567e+01 4.025779203050701938e+01 4.025778960048076982e+01 4.025778027626729028e+01 4.025778165280149778e+01 4.025778544929831071e+01 4.025777806152350990e+01 4.025778947345066427e+01 4.025777971261187105e+01 4.025778768224471094e+01 4.025778497093335773e+01 4.025779009801706110e+01 4.025779199117201301e+01 4.025778459267831266e+01 4.025778471289068250e+01 4.025778898755280721e+01 4.025777772484494932e+01 4.025778019477365177e+01 4.025777908550031015e+01 4.025777867133769661e+01 4.025779194067551003e+01
4.025778769039977334e+01 4.025778143193988967e+01 4.025778214405590916e+01 4.025778112240870144e+01 4.025779021505458388e+01 4.025777732344307225e+01 4.025779166200151593e+01 4.025777672151520648e+01 4.025777715030397985e+01 4.025779159888626424e+01 4.025779137353378445e+01 4.025778907355283565e+01 4.025778047136095950e+01 4.025778175906118861e+01 4.025778528812922019e+01 4.025777842050976574e+01 4.025778893672331549e+01 4.025777994217664002e+01 4.025778735603960712e+01 4.025778487518331161e+01 4.025778957638335243e+01 4.025779125745287956e+01 4.025778442881940578e+01 4.025778457775326302e+01 4.025778859321795977e+01 4.025777809363709281e+01 4.025778038196220621e+01 4.025777935168216004e+01 4.025777893678873909e+01 4.025779123505459012e+01
4.025778728533816775e+01 4.025778150274377509e+01 4.025778219934255020e+01 4.025778117365092612e+01 4.025778966510549139e+01 4.025777764240073964e+01 4.025779106738899316e+01 4.025777706033925085e+01 4.025777744779117029e+01 4.025779101883547639e+01 4.025779078588466575e+01 4.025778859885490135e+01 4.025778062377900568e+01 4.025778183432132806e+01 4.025778513111253432e+01 4.025777871527601093e+01 4.025778845351454294e+01 4.025778012453363885e+01 4.025778705568101401e+01 4.025778477498738539e+01 4.025778910628407203e+01 4.025779060314545177e+01 4.025778426946730804e+01 4.025778444334616069e+01 4.025778823368436576e+01 4.025777839692082694e+01 4.025778052751401503e+01 4.025777956584408912e+01 4.025777915031567744e+01 4.025779060515237973e+01
4.025778691648746133e+01 4.025778154720901370e+01 4.025778223033012182e+01 4.025778120112480707e+01 4.025778917041233740e+01 4.025777790240093168e+01 4.025779053390333218e+01 4.025777733759403532e+01 4.025777768914311849e+01 4.025779049799773190e+01 4.025779025844727244e+01 4.025778816952114170e+01 4.025778073913005528e+01 4.025778188265640267e+01 4.025778497770280495e+01 4.025777895426443820e+01 4.025778801678889351e+01 4.025778026588892544e+01 4.025778677777100256e+01 4.025778467092936808e+01 4.025778868094441520e+01 4.025779001781135236e+01 4.025778411402924206e+01 4.025778430957412013e+01 4.025778790437781396e+01 4.025777864330657962e+01 4.025778063690158604e+01 4.025777973482334460e+01 4.025777931874269910e+01 4.025779004101534042e+01
4.025778657908807645e+01 4.025778156879740521e+01 4.025778224021205176e+01 4.025778120795531834e+01 4.025778872371230932e+01 4.025777811119312588e+01 4.025779005350938888e+01 4.025777756137242847e+01 4.025777788173795102e+01 4.025779002858949696e+01 4.025778978330655633e+01 4.025778777958920784e+01 4.025778082228612220e+01 4.025778190760587449e+01 4.025778482742592246e+01 4.025777914480701725e+01 4.025778762043633918e+01 4.025778037163139089e+01 4.025778651935834773e+01 4.025778456351684298e+01 4.025778829448142915e+01 4.025778949238448234e+01 4.025778396199015674e+01 4.025778417635380180e+01 4.025778760132469358e+01 4.025777884027409925e+01 4.025778071487805931e+01 4.025777986455837265e+01 4.025777944799850872e+01 4.025778953399914428e+01
4.025778626900624602e+01 4.025778157051554018e+01 4.025778223176269677e+01 4.025778119685593737e+01 4.025778831869657637e+01 4.025777827550812304e+01 4.025778961922881649e+01 4.025777773870414933e+01 4.025777803198478466e+01 4.025778960385033400e+01 4.025778935358860622e+01 4.025778742387990405e+01 4.025778087747966083e+01 4.025778191224368641e+01 4.025778467986987863e+01 4.025777929327122706e+01 4.025778725915039757e+01 4.025778044644200548e+01 4.025778627788067610e+01 4.025778445319107846e+01 4.025778794178521025e+01 4.025778901899029449e+01 4.025778381290369623e+01 4.025778404361224005e+01 4.025778732107413305e+01 4.025777899431904672e+01 4.025778076557271135e+01 4.025777996020818250e+01 4.025777954323227448e+01 4.025778907659581307e+01
4.025778598265093677e+01 4.025778155497562949e+01 4.025778220739187674e+01 4.025778117018307967e+01 4.025778794988592324e+01 4.025777840119246775e+01 4.025778922500023072e+01 4.025777787569425215e+01 4.025777814545027411e+01 4.025778921790895026e+01 4.025778896332296597e+01 4.025778709789452137e+01 4.025778090838611689e+01 4.025778189923953931e+01 4.025778453467711415e+01 4.025777940518815967e+01 4.025778692832159322e+01 4.025778049438699924e+01 4.025778605111202779e+01 4.025778434033492204e+01 4.025778761841688436e+01 4.025778859078928917e+01 4.025778366638188288e+01 4.025778391128660871e+01 4.025778706062907020e+01 4.025777911108302476e+01 4.025778079257169395e+01 4.025778002625319374e+01 4.025777960891564078e+01 4.025778866228370845e+01
4.025778571690334928e+01 4.025778152444625846e+01 4.025778216919221109e+01 4.025778112998395386e+01 4.025778761252154681e+01 4.025777849332401814e+01 4.025778886555882252e+01 4.025777797764524735e+01 4.025777822696896635e+01 4.025778886566559578e+01 4.025778860732361863e+01 4.025778679772614055e+01 4.025778091819765336e+01 4.025778187091245996e+01 4.025778439153707211e+01 4.025777948536201478e+01 4.025778662394633756e+01 4.025778051899764876e+01 4.025778583711867498e+01 4.025778422528081535e+01 4.025778732052148712e+01 4.025778820184105911e+01 4.025778352208731548e+01 4.025778377932245178e+01 4.025778681738602671e+01 4.025777919546669636e+01 4.025778079898941542e+01 4.025778006658451602e+01 4.025777964893286054e+01 4.025778828539867504e+01
4.025778546905485200e+01 4.025778148089748498e+01 4.025778211898138181e+01 4.025778107803668604e+01 4.025778730246990023e+01 4.025777855631298507e+01 4.025778853633205756e+01 4.025777804916303637e+01 4.025777828074007658e+01 4.025778854269066187e+01 4.025778828108641960e+01 4.025778651998132318e+01 4.025778090968726985e+01 4.025778182927664517e+01 4.025778425017984574e+01 4.025777953796512065e+01 4.025778634254756128e+01 4.025778052334099044e+01 4.025778563422147016e+01 4.025778410831780718e+01 4.025778704475090564e+01 4.025778784698601953e+01 4.025778337972730014e+01 4.025778364767207762e+01 4.025778658908385665e+01 4.025777925172638305e+01 4.025778078753127431e+01 4.025778008458217272e+01 4.025777966665787488e+01 4.025778794102122760e+01
4.025778523675264609e+01 4.025778142604071519e+01 4.025778205833832146e+01 4.025778101588534241e+01 4.025778701614078869e+01 4.025777859399008207e+01 4.025778823334839984e+01 4.025777809424795350e+01 4.025777831041102672e+01 4.025778824513701437e+01 4.025778798069938347e+01 4.025778626171247510e+01 4.025778088526336518e+01 4.025778177608138009e+01 4.025778411037109095e+01 4.025777956662146551e+01 4.025778608110512380e+01 4.025778051008119007e+01 4.025778544096198175e+01 4.025778398969683280e+01 4.025778678819681033e+01 4.025778752174275610e+01 4.025778323904766154e+01 4.025778351629423213e+01 4.025778637375870517e+01 4.025777928355866919e+01 4.025778076054707810e+01 4.025778008318196299e+01 4.025777966502076310e+01 4.025778762487835394e+01
4.025778501795319642e+01 4.025778136136241159e+01 4.025778198863427804e+01 4.025778094487120740e+01 4.025778675041607357e+01 4.025777860968248234e+01 4.025778795315825676e+01 4.025777811637436088e+01 4.025777831914963656e+01 4.025778796966319817e+01 4.025778770276455987e+01 4.025778602035958897e+01 4.025778084701755688e+01 4.025778171284612483e+01 4.025778397190732250e+01 4.025777957447886735e+01 4.025778583699579372e+01 4.025778048153211586e+01 4.025778525607328362e+01 4.025778386963574462e+01 4.025778654833325731e+01 4.025778722221895123e+01 4.025778309982744929e+01 4.025778338515316790e+01 4.025778616970480783e+01 4.025777929417447609e+01 4.025778072007754105e+01 4.025778006493352734e+01 4.025777964656653296e+01 4.025778733325869041e+01
4.025778481088165961e+01 4.025778128815350243e+01 4.025778191106022774e+01 4.025778086615934370e+01 4.025778650258740043e+01 4.025777860627992766e+01 4.025778769276554669e+01 4.025777811856010402e+01 4.025777830970729099e+01 4.025778771336685935e+01 4.025778744433069534e+01 4.025778579369918475e+01 4.025778079676671695e+01 4.025778164089061306e+01 4.025778383461170762e+01 4.025777956427120330e+01 4.025778560794124417e+01 4.025778043970340292e+01 4.025778507845505061e+01 4.025778374832385964e+01 4.025778632296641746e+01 4.025778694503390653e+01 4.025778296187479555e+01 4.025778325421774895e+01 4.025778597544056936e+01 4.025777928636266978e+01 4.025778066789526122e+01 4.025778003205147115e+01 4.025777961350579659e+01 4.025778706293883147e+01
4.025778461399648478e+01 4.025778120753529521e+01 4.025778182665065685e+01 4.025778078076152866e+01 4.025778627030237544e+01 4.025777858629235340e+01 4.025778744956799216e+01 4.025777810342630403e+01 4.025777828447387208e+01 4.025778747372721966e+01 4.025778720283452117e+01 4.025778557979998595e+01 4.025778073608889684e+01 4.025778156136106389e+01 4.025778369833070514e+01 4.025777953837301482e+01 4.025778539196261363e+01 4.025778038634061318e+01 4.025778490715167379e+01 4.025778362592562587e+01 4.025778611019076436e+01 4.025778668725128284e+01 4.025778282502312777e+01 4.025778312346090360e+01 4.025778578967919685e+01 4.025777926254543360e+01 4.025778060553987103e+01 4.025777998645938283e+01 4.025777956775849731e+01 4.025778681111901847e+01
4.025778442595866835e+01 4.025778112048172375e+01 4.025778173630410350e+01 4.025778068955660416e+01 4.025778605151788980e+01 4.025777855189981125e+01 4.025778722130537091e+01 4.025777807324951851e+01 4.025777824552501727e+01 4.025778724855484114e+01 4.025778697604964407e+01 4.025778537698457882e+01 4.025778066635462693e+01 4.025778147525303297e+01 4.025778356293094618e+01 4.025777949884677298e+01 4.025778518734109213e+01 4.025778032295987430e+01 4.025778474133309004e+01 4.025778350258381266e+01 4.025778590835120241e+01 4.025778644632073622e+01 4.025778268912774394e+01 4.025778299285917683e+01 4.025778561130304922e+01 4.025777922482659221e+01 4.025778053434856218e+01 4.025777992982791886e+01 4.025777951099219365e+01 4.025778657536747573e+01
4.025778424560530766e+01 4.025778102783869628e+01 4.025778164080091415e+01 4.025778059330787073e+01 4.025778584445934172e+01 4.025777850499575550e+01 4.025778700601455284e+01 4.025777803000707422e+01 4.025777819466355112e+01 4.025778703594806984e+01 4.025778676204231488e+01 4.025778518379605231e+01 4.025778058875435050e+01 4.025778138343125789e+01 4.025778342829660517e+01 4.025777944748381998e+01 4.025778499258387910e+01 4.025778025087799250e+01 4.025778458027831164e+01 4.025778337842244525e+01 4.025778571601026812e+01 4.025778622002712837e+01 4.025778255406290640e+01 4.025778286239220449e+01 4.025778543934136167e+01 4.025777917503347680e+01 4.025778045548273809e+01 4.025777986360812122e+01 4.025777944465531277e+01 4.025778635357212920e+01
4.025778407192629516e+01 4.025778093034089977e+01 4.025778154081892524e+01 4.025778049267834291e+01 4.025778564758542899e+01 4.025777844722476573e+01 4.025778680199045567e+01 4.025777797541639558e+01 4.025777813345533218e+01 4.025778683425520654e+01 4.025778655913300241e+01 4.025778499896900087e+01 4.025778050432200672e+01 4.025778128664677524e+01 4.025778329432706926e+01 4.025777938584003834e+01 4.025778480639434065e+01 4.025778017123867158e+01 4.025778442336118701e+01 4.025778325354925613e+01 4.025778553191938158e+01 4.025778600644650851e+01 4.025778241971946159e+01 4.025778273204224433e+01 4.025778527295098286e+01 4.025777911475317694e+01 4.025778036995122022e+01 4.025777978906036481e+01 4.025777937000585638e+01 4.025778614389848542e+01
4.025778390404432372e+01 4.025778082862649399e+01 4.025778143694684985e+01 4.025778038824384453e+01 4.025778545955741095e+01 4.025777838001526021e+01 4.025778660775211648e+01 4.025777791096915337e+01 4.025777806326040320e+01 4.025778664204168678e+01 4.025778636586291981e+01 4.025778482140435699e+01 4.025778041395565054e+01 4.025778118555190588e+01 4.025778316093495590e+01 4.025777931526678799e+01 4.025778462764628074e+01 4.025778008503531424e+01 4.025778427003783122e+01 4.025778312805781667e+01 4.025778535499414801e+01 4.025778580390780803e+01 4.025778228600258046e+01 4.025778260179392731e+01 4.025778511139958482e+01 4.025777904536418106e+01 4.025778027863016462e+01 4.025777970727931176e+01 4.025777928813646867e+01 4.025778594475321626e+01
4.025778374119740022e+01 4.025778072324970225e+01 4.025778132969601586e+01 4.025778028050453372e+01 4.025778527921256256e+01 4.025777830460786788e+01 4.025778642201325397e+01 4.025777783796094411e+01 4.025777798526001305e+01 4.025778645806147438e+01 4.025778618096502726e+01 4.025778465014749941e+01 4.025778031843528026e+01 4.025778108071323658e+01 4.025778302804435071e+01 4.025777923693781446e+01 4.025778445536156624e+01 4.025777999313073963e+01 4.025778411983585414e+01 4.025778300202939164e+01 4.025778518429264352e+01 4.025778561095962971e+01 4.025778215282990402e+01 4.025778247163388812e+01 4.025778495405110391e+01 4.025777896806380340e+01 4.025778018228058386e+01 4.025777961921573223e+01 4.025777919999617183e+01 4.025778575475240473e+01
4.025778358272371094e+01 4.025778061469195279e+01 4.025778121951056221e+01 4.025778016989478658e+01 4.025778510554092549e+01 4.025777822208017653e+01 4.025778624365663205e+01 4.025777775751708276e+01 4.025777790048014992e+01 4.025778628123235592e+01 4.025778600333885748e+01 4.025778448436931001e+01 4.025778021843836996e+01 4.025778097262286792e+01 4.025778289558933665e+01 4.025777915187255473e+01 4.025778428869062964e+01 4.025777989627433584e+01 4.025778397234498129e+01 4.025778287553455215e+01 4.025778501899682027e+01 4.025778542634132862e+01 4.025778202012990903e+01 4.025778234155052360e+01 4.025778480035310025e+01 4.025777888389194459e+01 4.025778008156345322e+01 4.025777952569546869e+01 4.025777910640926649e+01 4.025778557269407543e+01
