2.900000000000000000e+01 2.400000000000000000e+01 2.300000000000000000e+01 2.700000000000000000e+01 2.800000000000000000e+01 3.300000000000000000e+01 2.800000000000000000e+01 2.500000000000000000e+01 2.500000000000000000e+01 2.400000000000000000e+01 2.500000000000000000e+01 3.400000000000000000e+01 2.400000000000000000e+01 2.700000000000000000e+01 4.200000000000000000e+01 2.500000000000000000e+01 1.900000000000000000e+01 2.100000000000000000e+01 2.600000000000000000e+01 3.600000000000000000e+01 2.400000000000000000e+01 2.100000000000000000e+01 2.500000000000000000e+01 1.100000000000000000e+01 2.400000000000000000e+01 2.700000000000000000e+01 2.200000000000000000e+01 2.300000000000000000e+01 3.200000000000000000e+01 2.000000000000000000e+01 2.800000000000000000e+01 2.900000000000000000e+01 2.300000000000000000e+01 2.400000000000000000e+01 2.300000000000000000e+01 3.700000000000000000e+01 1.700000000000000000e+01 2.200000000000000000e+01 3.000000000000000000e+01 2.300000000000000000e+01
2.204290423868224025e+01 2.325819402269553393e+01 2.453018147929105908e+01 3.151794905855786055e+01 2.514814851386472583e+01 2.574489078082842752e+01 2.222312225925270468e+01 2.672411594132427126e+01 3.353665421449113637e+01 2.631971150264143944e+01 2.722294701635837555e+01 2.687601107265800238e+01 2.314138805493712425e+01 2.813439305272186175e+01 2.335232625808566809e+01 2.881395365053322166e+01 2.481660603976342827e+01 2.716695970389991999e+01 2.759778377879410982e+01 2.544561391603201628e+01 2.366666638292372227e+01 2.486832732986658812e+01 2.431012673862278461e+01 2.613473858835641295e+01 2.438041802973020822e+01 2.812946425046538934e+01 2.436468073539435863e+01 2.046792776079382747e+01 2.471742347313556820e+01 2.466567829740233719e+01 2.678338486189022660e+01 2.437779773795045912e+01 2.476465887646190822e+01 2.487628779548685998e+01 2.552572865353431553e+01 2.422289700113469735e+01 2.635251190047711134e+01 2.375695718580391258e+01 2.472127300337888300e+01 2.642591238702880219e+01
2.704695409593487199e+01 2.554720630350497146e+01 2.451335841694055517e+01 2.562631912827152192e+01 2.731239822800120720e+01 2.765619707187153864e+01 2.580574226113641600e+01 2.692091471105768363e+01 2.401830922942428970e+01 2.478107780050019215e+01 2.421627587022212680e+01 2.619040467690983576e+01 2.544777892181514289e+01 2.593220117679721781e+01 2.556570068743541313e+01 2.536241824798338484e+01 2.960677397248782583e+01 2.320262495204728737e+01 2.416080261575558197e+01 2.611496678284728645e+01 2.364956757674983123e+01 2.475675289463083573e+01 2.328603955527652403e+01 2.481330824231844190e+01 2.453567321079911778e+01 2.532072508615585704e+01 2.564167085469118490e+01 2.587910087951541271e+01 2.688661874378271577e+01 2.353400816589795852e+01 2.701220096924299696e+01 2.410036797102536710e+01 2.824909963543258229e+01 2.534486666016740486e+01 2.908130264686673883e+01 2.569690737202989084e+01 2.500751786949387423e+01 2.516681267983418024e+01 2.771743831907527778e+01 2.310664790343780339e+01
2.475884758019538623e+01 2.657371034309615965e+01 2.457076599689186480e+01 2.653115214451727155e+01 2.559893448576813668e+01 2.573286860083410943e+01 2.396658895321960614e+01 2.559902774343786191e+01 2.637133696167783370e+01 2.649136230742553622e+01 2.485238922594080790e+01 2.705623097070214556e+01 2.642950495974290703e+01 2.581563241761716654e+01 2.665254002285606560e+01 2.717222100990245082e+01 2.461622115729280580e+01 2.633470205373167872e+01 2.578723831098579566e+01 2.705364030053929625e+01 2.527526691180248264e+01 2.374625177969320333e+01 2.534006434288531295e+01 2.532554350688303302e+01 2.758338910651620068e+01 2.747337504295872890e+01 2.503881796476637334e+01 2.391764544366300527e+01 2.601929641898988521e+01 2.432569086926763902e+01 2.613350191545195145e+01 2.465151294996032760e+01 2.484576572644753867e+01 2.810842859372892732e+01 2.533348049326997398e+01 2.540002266744282622e+01 2.626604032155258750e+01 2.493908586192328869e+01 2.524582913496647407e+01 2.510161640816112083e+01
2.573088351738305946e+01 2.556399390728995513e+01 2.499708823130830027e+01 2.636316732566065468e+01 2.586479025703564361e+01 2.601924034167733879e+01 2.468221369810533616e+01 2.682783793791119109e+01 2.616549629810779720e+01 2.507893435837080531e+01 2.527475849387098350e+01 2.571783524167439339e+01 2.543614348893889243e+01 2.620751659418777280e+01 2.532585765164014902e+01 2.603713457094928430e+01 2.659562407107842574e+01 2.491754428188474435e+01 2.656431290784821186e+01 2.558813326792454035e+01 2.419099226389519686e+01 2.501174197180051451e+01 2.440674155577863758e+01 2.565610459406043375e+01 2.532780573709821681e+01 2.557727156871663610e+01 2.676064923665375161e+01 2.517897605733524102e+01 2.597217295627586608e+01 2.497446386560988429e+01 2.655010810307333813e+01 2.428523646231562338e+01 2.609672862909645730e+01 2.535443124184753216e+01 2.646619601982366987e+01 2.532704902795394730e+01 2.537334281299176553e+01 2.458152488176446582e+01 2.640639936719069425e+01 2.434050392029850585e+01
2.550562273193841634e+01 2.636469564012637790e+01 2.493751309285528350e+01 2.570110810225864029e+01 2.637328015497252665e+01 2.602203985612507608e+01 2.495648691760448656e+01 2.579134975710805122e+01 2.560170219494585453e+01 2.587578662802334506e+01 2.484835286324427983e+01 2.629280140681408184e+01 2.641621034008568358e+01 2.555972697958589279e+01 2.651692125712376225e+01 2.602919979574092224e+01 2.602869657660555447e+01 2.538974621004093279e+01 2.558597668574628869e+01 2.633930463413766176e+01 2.507940600168666379e+01 2.443970224607256014e+01 2.503235050904675063e+01 2.502680565362671317e+01 2.604808608574566264e+01 2.614615734039139738e+01 2.567795028336371388e+01 2.501138627251560820e+01 2.637969977645646935e+01 2.436333288535482211e+01 2.610110087122945188e+01 2.473381210347773518e+01 2.626890473883849353e+01 2.630886190849605555e+01 2.611414621928753732e+01 2.556276973112548490e+01 2.578806553795854484e+01 2.530808975714562337e+01 2.567622840908191506e+01 2.461823583884314459e+01
2.533708188798467376e+01 2.594002239133862275e+01 2.510902849278692983e+01 2.614167988791287200e+01 2.569202148596210833e+01 2.563849297694903129e+01 2.467536896308445549e+01 2.606328918708862830e+01 2.641925148980796223e+01 2.545710406927910441e+01 2.531985011651472917e+01 2.583344244235322762e+01 2.586939238078867476e+01 2.586910716562517010e+01 2.581729315900501476e+01 2.624629954616489869e+01 2.577849213291199248e+01 2.545577545546185405e+01 2.633379652113691805e+01 2.579806748045728426e+01 2.485355026861135030e+01 2.485082829380876746e+01 2.502267920034329052e+01 2.560773617881302044e+01 2.623654728237603351e+01 2.593613318113052912e+01 2.607117870739576659e+01 2.489248877981934882e+01 2.585858167048365885e+01 2.508823517502903400e+01 2.606121929036650187e+01 2.472913322655696078e+01 2.572664189517630007e+01 2.609109931029385976e+01 2.576094476038158376e+01 2.534413597169724142e+01 2.555481295885977744e+01 2.491118814711055052e+01 2.573571610233197759e+01 2.493246151401454824e+01
2.557328321302978225e+01 2.600930399186097119e+01 2.513258475187430108e+01 2.568952757623945971e+01 2.607180371051943268e+01 2.584638583962611591e+01 2.511740575720848057e+01 2.600262609595355556e+01 2.579322220696726120e+01 2.550612319615147072e+01 2.512174874736971475e+01 2.584805778672515686e+01 2.601097000561790651e+01 2.561392744315373804e+01 2.599470461703180746e+01 2.582982424164807256e+01 2.626157899795411765e+01 2.523406129672592257e+01 2.591342677454901988e+01 2.585880454493946701e+01 2.496873403534741698e+01 2.492248582748410612e+01 2.499562562472537408e+01 2.525081795110153493e+01 2.578852241824627356e+01 2.571202980662549109e+01 2.611249420656402620e+01 2.525871860712810602e+01 2.610166918337640141e+01 2.483581980460817817e+01 2.603588644772861116e+01 2.484810342095711633e+01 2.622908516427847303e+01 2.578586747083790698e+01 2.608169890854639306e+01 2.546973922925689493e+01 2.554135641659163980e+01 2.520674859323378314e+01 2.577357231972762008e+01 2.477411329403165041e+01
2.536880819257943998e+01 2.606229225378088898e+01 2.517741065584328197e+01 2.581802074423132609e+01 2.584551667223449201e+01 2.563780800497479362e+01 2.497223711143473324e+01 2.581679021255930451e+01 2.604324225451027175e+01 2.556895289866285381e+01 2.524626951465833002e+01 2.584533197189623621e+01 2.605545097148359091e+01 2.563820897974218127e+01 2.604123856840534046e+01 2.601985406942750956e+01 2.580192950605364643e+01 2.546373937086128691e+01 2.597937361575564097e+01 2.586775980184866341e+01 2.513250523894954114e+01 2.492343529803226687e+01 2.519527257480017113e+01 2.541202082650410077e+01 2.614761412597181334e+01 2.586636354481593969e+01 2.588985489509181548e+01 2.506140883478918013e+01 2.595047914682835355e+01 2.503597353857867347e+01 2.589911939553484999e+01 2.497882273160956856e+01 2.588677177536080265e+01 2.607019018758145990e+01 2.573129158958852969e+01 2.541372239145047018e+01 2.557545058664577908e+01 2.518495027890376292e+01 2.558195073505754635e+01 2.505895127020766822e+01
2.548036996929393894e+01 2.591272552007998087e+01 2.523137911716506920e+01 2.574085059594275293e+01 2.583668677283105097e+01 2.567490846960014750e+01 2.512491076915926769e+01 2.592184010607935818e+01 2.597237063238051036e+01 2.545347813326372943e+01 2.527938205198293176e+01 2.571627580423719195e+01 2.589651670212779422e+01 2.562628032331594596e+01 2.585430034902982399e+01 2.586468064521513810e+01 2.600202796377258352e+01 2.533086550405742798e+01 2.601687915337053880e+01 2.572273772915707468e+01 2.507803251935876432e+01 2.509783223824466347e+01 2.513221195390925544e+01 2.540261767749217725e+01 2.589979513341496897e+01 2.567156487774309426e+01 2.605455302424791952e+01 2.524401138058559724e+01 2.590810784008588996e+01 2.511174827223684858e+01 2.591348395674248195e+01 2.500863925733820992e+01 2.597215553993235204e+01 2.578634323298120279e+01 2.584761256846142885e+01 2.542301624724935039e+01 2.549646205071787719e+01 2.520245175432047446e+01 2.567587269835792796e+01 2.502388665747805163e+01
2.544349289309067075e+01 2.597098641625291648e+01 2.525000090943459696e+01 2.567875499742678613e+01 2.585941857350249506e+01 2.564702200468358484e+01 2.516928395800557183e+01 2.579121429802721366e+01 2.587133638768740695e+01 2.553264707244974474e+01 2.527093198617184555e+01 2.575602036719118360e+01 2.597533671064935135e+01 2.556813039668745091e+01 2.595706800612997611e+01 2.584467429863212473e+01 2.590371927264196472e+01 2.540434368691475342e+01 2.587688101536506480e+01 2.578232854596160806e+01 2.520879556167119517e+01 2.508484280057785654e+01 2.523477145744725902e+01 2.537284409285310005e+01 2.593958553741385131e+01 2.572254836143135748e+01 2.590891125634810166e+01 2.523276338514066808e+01 2.592288418715115483e+01 2.510926154402494603e+01 2.584095627739372958e+01 2.510606665931218373e+01 2.595361496125516965e+01 2.587091713162387663e+01 2.577269603309134993e+01 2.544242083093295292e+01 2.553491994293879941e+01 2.528911068416476127e+01 2.558834578924605552e+01 2.511768939806485434e+01
2.544452172806796142e+01 2.589395841542116017e+01 2.529008988613148290e+01 2.570451031208682480e+01 2.576821490399596115e+01 2.560847940064287442e+01 2.518731939178374546e+01 2.580327927311338598e+01 2.593088410000364519e+01 2.548820235606545026e+01 2.533437456967363488e+01 2.569144969295512126e+01 2.588540583234286885e+01 2.559095705944589128e+01 2.585280081233550220e+01 2.583983442666433206e+01 2.584825491644205542e+01 2.540678464057419461e+01 2.593064456867679013e+01 2.570738198734648705e+01 2.521064768195667583e+01 2.517411365636083431e+01 2.525084831722421086e+01 2.543422725010315588e+01 2.592607161850456521e+01 2.567797219635785311e+01 2.592026009163549460e+01 2.526216454236068643e+01 2.584040886704076456e+01 2.521462699947715436e+01 2.581663542171646597e+01 2.514386194627502746e+01 2.586462519725294129e+01 2.581589007141384329e+01 2.572725883105765377e+01 2.543081121998678640e+01 2.550757172737271361e+01 2.527467953592328342e+01 2.559615502521584318e+01 2.517629277195480242e+01
2.546943038572409890e+01 2.587390014664595839e+01 2.531226005872660423e+01 2.564786511463377749e+01 2.578998178047552159e+01 2.562066026062183255e+01 2.525810842592185423e+01 2.577320127565191399e+01 2.583657549585764102e+01 2.550222537725273142e+01 2.533197970288362200e+01 2.568373676359729174e+01 2.587342859729218603e+01 2.556068442306584032e+01 2.584787701651036329e+01 2.577603805184059027e+01 2.587290970011280677e+01 2.540320653363086834e+01 2.585646626229478073e+01 2.570338765510359380e+01 2.525803582843266781e+01 2.520844687288914088e+01 2.527948749803969619e+01 2.540904288858170190e+01 2.585013539939424732e+01 2.565022412284146824e+01 2.589403563039833855e+01 2.531476757942775180e+01 2.584320793351703571e+01 2.521807077964930954e+01 2.579149345189612319e+01 2.519472803367635549e+01 2.589145144020619682e+01 2.576708498050207652e+01 2.574123620938845391e+01 2.545136366750519841e+01 2.551167021913186517e+01 2.532889967996133507e+01 2.558980043951908456e+01 2.519946790061752040e+01
2.545704287211302841e+01 2.585278840455357141e+01 2.533704630880516362e+01 2.565336906949728402e+01 2.574656379030714604e+01 2.559376235908302277e+01 2.526917360374110899e+01 2.573826236228464381e+01 2.584010515929842811e+01 2.550846478635791570e+01 2.536442808916769920e+01 2.566995206164684262e+01 2.585127118805143454e+01 2.556294748529198202e+01 2.582732305944261597e+01 2.577720457374895702e+01 2.580069028471653780e+01 2.543441897270630392e+01 2.583962724442839232e+01 2.568918458192337084e+01 2.529506695232324276e+01 2.524257576749884180e+01 2.531870730550400594e+01 2.543842723416980078e+01 2.586296867295567026e+01 2.565444051341428988e+01 2.584411782615579511e+01 2.531769187734458271e+01 2.580327895452766285e+01 2.527020055553366262e+01 2.575870828712766070e+01 2.523687077392655098e+01 2.582881712144548558e+01 2.577671601778701671e+01 2.569131109138920621e+01 2.545259056860997049e+01 2.551519427152449637e+01 2.534255009188899521e+01 2.556958951516412526e+01 2.525661316210329232e+01
2.547576689703643993e+01 2.581363421301088579e+01 2.535960676744283404e+01 2.563543294605296552e+01 2.573093388817103744e+01 2.559442469309922785e+01 2.531003728199282676e+01 2.573291289914874014e+01 2.580846719506836351e+01 2.550200995651334779e+01 2.538120878745658615e+01 2.564818259738916240e+01 2.581136530318745059e+01 2.555893392088646365e+01 2.578680696558364716e+01 2.574246097189608662e+01 2.580146067841772251e+01 2.543089930565776768e+01 2.581935582429350617e+01 2.566446948170742104e+01 2.531369878146146135e+01 2.528441961101847824e+01 2.533301808854804804e+01 2.544427050703409066e+01 2.581226507867565445e+01 2.562682532846752537e+01 2.583730257123962915e+01 2.535578411875923166e+01 2.577939873297073348e+01 2.529864078963644403e+01 2.574311988442504173e+01 2.526785554099393138e+01 2.581589691237393680e+01 2.572996759771655206e+01 2.569196067717678034e+01 2.546211653247911499e+01 2.551081345312828574e+01 2.536417493198707263e+01 2.557618408124793774e+01 2.527794142130429123e+01
2.547729215319321128e+01 2.579839173760825588e+01 2.537764503424966733e+01 2.562324018175347717e+01 2.571790858074654551e+01 2.558704862599547880e+01 2.533328462134139158e+01 2.570487190546555212e+01 2.577822587293812617e+01 2.551345184711224334e+01 2.539581667160222622e+01 2.564374995597875539e+01 2.579835606680012816e+01 2.555299228248754773e+01 2.577806566359459595e+01 2.572555210790056179e+01 2.577043309885010558e+01 2.544882451280129487e+01 2.578393312941985727e+01 2.566077788286316519e+01 2.534635194203084296e+01 2.530645436823033734e+01 2.536176513463309234e+01 2.545177578961049392e+01 2.579591107336230849e+01 2.562584945588718455e+01 2.579923840907430233e+01 2.536990422983804905e+01 2.576199380217521195e+01 2.532193485910360664e+01 2.572000205081072366e+01 2.530155438104434396e+01 2.579195416106472294e+01 2.572446377287950270e+01 2.567193547274866461e+01 2.547072973285789743e+01 2.551757359690845917e+01 2.538728685894498227e+01 2.556501925852375834e+01 2.531177064067127702e+01
2.548427578486781897e+01 2.577042754490218357e+01 2.539615688662475179e+01 2.561931324187335690e+01 2.569548710507528000e+01 2.558072278222564933e+01 2.535473355433985532e+01 2.569389971298584641e+01 2.576557711830678699e+01 2.551193280188347856e+01 2.541464220975881716e+01 2.562950180769606590e+01 2.576909370254023912e+01 2.555475005577016390e+01 2.574895071161863314e+01 2.571039843383031354e+01 2.574774610148179477e+01 2.545665113500882271e+01 2.577055137917017902e+01 2.564412685466859187e+01 2.536369680402914639e+01 2.533639090471052668e+01 2.537877025589187241e+01 2.546541692846225402e+01 2.577421908798925188e+01 2.561463190328682415e+01 2.578073602519643259e+01 2.538927302284391985e+01 2.573667441707640791e+01 2.535105459547654405e+01 2.570393388186940342e+01 2.532647141055083040e+01 2.576390815763136288e+01 2.570414181161832090e+01 2.565818373005140884e+01 2.547645009069789168e+01 2.551736009480463707e+01 2.540014018393176443e+01 2.556502030540335824e+01 2.533696839580625237e+01
2.549188760766980621e+01 2.575087525463987248e+01 2.541134447968927645e+01 2.560816014792865047e+01 2.568600200575934167e+01 2.557930679361121662e+01 2.537789765770826023e+01 2.567892569925312429e+01 2.573868460674790626e+01 2.551703856761292855e+01 2.542596574658838193e+01 2.562255217215845704e+01 2.575051092562696198e+01 2.555140105644833071e+01 2.573277018880383338e+01 2.569120633446554791e+01 2.573397741865736066e+01 2.546481325546486119e+01 2.574511909738168569e+01 2.563643846091037304e+01 2.538474664299407380e+01 2.535761928158019529e+01 2.539667916863520247e+01 2.547028404371708632e+01 2.574880881473455574e+01 2.560708101796255676e+01 2.575921724247899292e+01 2.540748314395000307e+01 2.572198358480010327e+01 2.536850585989584417e+01 2.568881628247524418e+01 2.535080562301130769e+01 2.574929931799287530e+01 2.568727496402881627e+01 2.565050271570721563e+01 2.548471469904237097e+01 2.552083254994272821e+01 2.541833767314497550e+01 2.556286339792549711e+01 2.535804118738854385e+01
2.549584547418159630e+01 2.573242123870750575e+01 2.542567224086153388e+01 2.560419245709744018e+01 2.567058265793239968e+01 2.557439729248580917e+01 2.539380289128926194e+01 2.566526094344160924e+01 2.572403927562847059e+01 2.552030771160771039e+01 2.543990307221240244e+01 2.561517696586924586e+01 2.573195338801864551e+01 2.555179757791317385e+01 2.571574731256286839e+01 2.567994766749982460e+01 2.571196323319572485e+01 2.547492594529032317e+01 2.572793877314265387e+01 2.562787610065817745e+01 2.540218401487591393e+01 2.537776815032707134e+01 2.541334162410173292e+01 2.548018465144547662e+01 2.573404371656183542e+01 2.560274933277523957e+01 2.573752100094877804e+01 2.542021340931712814e+01 2.570398007812207197e+01 2.538936384402600765e+01 2.567438818345834761e+01 2.537183477510636109e+01 2.572687532978787672e+01 2.567698205798181377e+01 2.563751953838187347e+01 2.549040303622017944e+01 2.552359900833548778e+01 2.543075801328119923e+01 2.556017785782801610e+01 2.537987570984784469e+01
2.550244256195061610e+01 2.571386863811008183e+01 2.543848858607828589e+01 2.559800474394256042e+01 2.565952049287303183e+01 2.557274187221724304e+01 2.541128770993366714e+01 2.565540958444614361e+01 2.570667072331420044e+01 2.552253683160082787e+01 2.545084794189290633e+01 2.560795286029377138e+01 2.571339575535437660e+01 2.555134443561530233e+01 2.569848204288195603e+01 2.566593936337834592e+01 2.569911001750256219e+01 2.548110407794063548e+01 2.571142523876002173e+01 2.561935279263423126e+01 2.541686904406050473e+01 2.539643678679034622e+01 2.542655100395696621e+01 2.548663572176564429e+01 2.571406457864638284e+01 2.559591240732449080e+01 2.572170308429861052e+01 2.543507494252497736e+01 2.568930840754021006e+01 2.540567689462759304e+01 2.566281217855828345e+01 2.539019851835942276e+01 2.571148580431022879e+01 2.566212812278442712e+01 2.563067465185600469e+01 2.549660485488214690e+01 2.552566188009200232e+01 2.544331598771999836e+01 2.556013851398144965e+01 2.539652259761945885e+01
2.550673521161237289e+01 2.569915678518039925e+01 2.544986241584087949e+01 2.559318102978212295e+01 2.564938360087788993e+01 2.557030141814556146e+01 2.542534334564706455e+01 2.564418365346018192e+01 2.569117440928228291e+01 2.552617659683723872e+01 2.546093925471898345e+01 2.560294603234856936e+01 2.569894120812305260e+01 2.555095600274837508e+01 2.568566064598703491e+01 2.565505006671662969e+01 2.568390068833397422e+01 2.548892680190215287e+01 2.569496582999213530e+01 2.561349062171993296e+01 2.543145183224014971e+01 2.541180955712800227e+01 2.543997616579718724e+01 2.549305971003546034e+01 2.569934235453280280e+01 2.559230314692507591e+01 2.570404123163709187e+01 2.544625868354881248e+01 2.567631830262851267e+01 2.542050097661661567e+01 2.565144778471469778e+01 2.540716407990107939e+01 2.569598991712918234e+01 2.565268229621288043e+01 2.562218280139948234e+01 2.550210884574706327e+01 2.552858498128399845e+01 2.545467574847281611e+01 2.555842595360623193e+01 2.541307021158468515e+01
2.551136824821479721e+01 2.568435057948656208e+01 2.546031791002798172e+01 2.558943801585057543e+01 2.563928324176797346e+01 2.556831884395922572e+01 2.543826043952734750e+01 2.563564108328790070e+01 2.567853237882071582e+01 2.552827481124242581e+01 2.547045737361618478e+01 2.559741105705257169e+01 2.568402716872858704e+01 2.555129508468586508e+01 2.567184655390859405e+01 2.564509631855924354e+01 2.567099525770684210e+01 2.549498521404295914e+01 2.568198199267194326e+01 2.560685351246466723e+01 2.544334732613348748e+01 2.542661577146379415e+01 2.545108209504862984e+01 2.549936098734094259e+01 2.568509326387615488e+01 2.558790483386912129e+01 2.568986694844619123e+01 2.545720449062211088e+01 2.566368686018566336e+01 2.543441137782569328e+01 2.564177039666684976e+01 2.542185175039527323e+01 2.568152811946052338e+01 2.564238665041780507e+01 2.561520889683115598e+01 2.550695734274172821e+01 2.553060145441277839e+01 2.546423241821034722e+01 2.555804106271790488e+01 2.542721548950092014e+01
2.551558038131473083e+01 2.567165574156512164e+01 2.546957828818984737e+01 2.558536536289022223e+01 2.563126909239604245e+01 2.556692790031217655e+01 2.545012135224842353e+01 2.562733250385408468e+01 2.566555396226866392e+01 2.553091419302680265e+01 2.547850547301025870e+01 2.559311026353189433e+01 2.567146297250515374e+01 2.555113954260845688e+01 2.566052972947543154e+01 2.563564853699934076e+01 2.565989773559661558e+01 2.550071205696347221e+01 2.566884145010254414e+01 2.560171202529530632e+01 2.545465568842385196e+01 2.543927831755442526e+01 2.546143282178971390e+01 2.550436708821707299e+01 2.567176904529468828e+01 2.558434881688420859e+01 2.567645146160154468e+01 2.546697407849389450e+01 2.565314703146607656e+01 2.544609631401175776e+01 2.563295860007382743e+01 2.543526477616611459e+01 2.566951347733208166e+01 2.563343252197680755e+01 2.560930713394068192e+01 2.551163942251569949e+01 2.553286544630135069e+01 2.547347490748360244e+01 2.555741155418183297e+01 2.543989274679126567e+01
2.551914968805245110e+01 2.566006312423693458e+01 2.547799515208579635e+01 2.558235099758723408e+01 2.562331107504445527e+01 2.556534097435123698e+01 2.546033509986918375e+01 2.561990888114493004e+01 2.565488740124614253e+01 2.553309995895315510e+01 2.548614468944577993e+01 2.558908759145680278e+01 2.565987309333198141e+01 2.555139268809441688e+01 2.564998561956217671e+01 2.562775046223986664e+01 2.564894925535151415e+01 2.550608320050715250e+01 2.565765727179780953e+01 2.559686089040144452e+01 2.546459987024896421e+01 2.545083190430016629e+01 2.547073241560464751e+01 2.550945183985829345e+01 2.566054732276693429e+01 2.558134978070023635e+01 2.566418858362250788e+01 2.547547632010669361e+01 2.564312512636889352e+01 2.545713459335562945e+01 2.562497267346094887e+01 2.544720046209150155e+01 2.565771557938695224e+01 2.562579034944090495e+01 2.560342299797882504e+01 2.551568672297896967e+01 2.553484454513167989e+01 2.548136598123792851e+01 2.555685145987877860e+01 2.545151223222533687e+01
2.552267131794739186e+01 2.564944558644779704e+01 2.548555551736995994e+01 2.557934954158933749e+01 2.561647947938438463e+01 2.556421903885929225e+01 2.546984350375804240e+01 2.561344673706604169e+01 2.564478226353522672e+01 2.553505018812822058e+01 2.549283392532693071e+01 2.558545162361381387e+01 2.564927555066456222e+01 2.555152671542352394e+01 2.564033570915833593e+01 2.562022711069126046e+01 2.563981622103651148e+01 2.551065746242812793e+01 2.564741151671679376e+01 2.559245892651668441e+01 2.547348896798674289e+01 2.546122893996382430e+01 2.547895431836527180e+01 2.551375362662757595e+01 2.564973166899539336e+01 2.557838744033106337e+01 2.565348864677721963e+01 2.548345137526434812e+01 2.563429213172342713e+01 2.546677159625852127e+01 2.561792532777960929e+01 2.545789434525484651e+01 2.564761508877949581e+01 2.561835941974362996e+01 2.559863644744513067e+01 2.551946446582715566e+01 2.553662221920958686e+01 2.548864441814389181e+01 2.555657823044625587e+01 2.546167197832023277e+01
2.552567270663337951e+01 2.564007537539118786e+01 2.549235223362643055e+01 2.557676252529243044e+01 2.561027641433667412e+01 2.556310358991903087e+01 2.547820603248834814e+01 2.560739510331881164e+01 2.563573655112850957e+01 2.553696098416324389e+01 2.549890664706745724e+01 2.558232650161003363e+01 2.563994448088956091e+01 2.555167971485808209e+01 2.563190331840753799e+01 2.561365708927359464e+01 2.563117801420746389e+01 2.551501528699892773e+01 2.563804645074754163e+01 2.558867067656250782e+01 2.548160356564744689e+01 2.547045553359338044e+01 2.548650174896200227e+01 2.551772661023894528e+01 2.564035188484901440e+01 2.557599187482616543e+01 2.564349067704893770e+01 2.549039897883684347e+01 2.562633564563643063e+01 2.547549018744361149e+01 2.561148545602570081e+01 2.546754713839478157e+01 2.563830578278417249e+01 2.561208585066481902e+01 2.559406954428370895e+01 2.552285312293657427e+01 2.553833140833345539e+01 2.549517383622787747e+01 2.555617460706712052e+01 2.547097658047877289e+01
2.552847310279576831e+01 2.563146792718128353e+01 2.549849194556375664e+01 2.557448337772638070e+01 2.560460783805563523e+01 2.556214237291350599e+01 2.548577768042215652e+01 2.560211601789282909e+01 2.562769896097476874e+01 2.553856805889001436e+01 2.550440494860426099e+01 2.557941406126631634e+01 2.563133805285271549e+01 2.555188640329095762e+01 2.562407036799876892e+01 2.560770859071631733e+01 2.562350913049969847e+01 2.551882964567056433e+01 2.562978892755509008e+01 2.558512509498802956e+01 2.548878337520964266e+01 2.547885075378075115e+01 2.549319135695159844e+01 2.552134028693414791e+01 2.563176983524694563e+01 2.557371210120035698e+01 2.563467366879223874e+01 2.549675918589585066e+01 2.561908398726689029e+01 2.548337069101916086e+01 2.560575186496597411e+01 2.547617287078227122e+01 2.562989034604032312e+01 2.560623184420506249e+01 2.559005280290575257e+01 2.552590544272500495e+01 2.553981443776172711e+01 2.550099766541890034e+01 2.555594392085554745e+01 2.547925681463880920e+01
2.553099135898323624e+01 2.562378778586653283e+01 2.550400459563133282e+01 2.557237053761297574e+01 2.559961034970389804e+01 2.556131407430193292e+01 2.549260219153668316e+01 2.559729039356464497e+01 2.562029987004451215e+01 2.554010061088462180e+01 2.550930836812545976e+01 2.557687081135410523e+01 2.562368256314691806e+01 2.555203280133314792e+01 2.561714032690578691e+01 2.560231387477020704e+01 2.561663631091808213e+01 2.552230758658867060e+01 2.562219771454050488e+01 2.558202722968663778e+01 2.549531056069886148e+01 2.548633296539051685e+01 2.549925694501077800e+01 2.552453656207925192e+01 2.562400492962258980e+01 2.557171717728796878e+01 2.562664870913420501e+01 2.550246208752338362e+01 2.561263801160184528e+01 2.549038487322231106e+01 2.560057650196016965e+01 2.548395535490129404e+01 2.562240253761287789e+01 2.560101264594816683e+01 2.558646363917669220e+01 2.552868689449863382e+01 2.554120397879648507e+01 2.550630146384355612e+01 2.555570358772021322e+01 2.548671344967331009e+01
2.553324453720380660e+01 2.561684635642538765e+01 2.550897726595215076e+01 2.557053837747988823e+01 2.559503166570943122e+01 2.556053985015261887e+01 2.549870264792044949e+01 2.559296005546991282e+01 2.561374384197613452e+01 2.554145710306436001e+01 2.551376397110534811e+01 2.557456312996493963e+01 2.561674991604352769e+01 2.555221027890962660e+01 2.561085198610695102e+01 2.559751693255190474e+01 2.561035478529667841e+01 2.552545528009639497e+01 2.561543408591614224e+01 2.557921053868573580e+01 2.550115520518867385e+01 2.549308781461097340e+01 2.550470918105701656e+01 2.552747460470152419e+01 2.561708346696152461e+01 2.556993742373757428e+01 2.561941007990430563e+01 2.550757441443306561e+01 2.560677544635272795e+01 2.549675036647249016e+01 2.559591551503149987e+01 2.549094217600840295e+01 2.561555761053658387e+01 2.559634633768310863e+01 2.558318090029034408e+01 2.553117659335613610e+01 2.554244848237436827e+01 2.551103110088654802e+01 2.555549775771592635e+01 2.549343865839895074e+01
2.553530485858600940e+01 2.561057984656538267e+01 2.551345201142407504e+01 2.556885860887979334e+01 2.559094761185993860e+01 2.555987705614192151e+01 2.550422504514060407e+01 2.558908030589125104e+01 2.560778133717202110e+01 2.554268287549979988e+01 2.551775465016700650e+01 2.557248956795411488e+01 2.561049401387158753e+01 2.555236066248790294e+01 2.560517872024384189e+01 2.559315479362830814e+01 2.560477257075563884e+01 2.552826741473045047e+01 2.560931776162345130e+01 2.557667682826312827e+01 2.550641411061916841e+01 2.549916284173475134e+01 2.550960578010749202e+01 2.553009044940441186e+01 2.561077602346283655e+01 2.556831351234816552e+01 2.561292118392645278e+01 2.551220694886841400e+01 2.560151952823616739e+01 2.550244609678674124e+01 2.559173329147854759e+01 2.549722707159022050e+01 2.560944981599897119e+01 2.559209210750707086e+01 2.558027880367206919e+01 2.553343475917714755e+01 2.554357349580223868e+01 2.551530995049258976e+01 2.555533553231922284e+01 2.549946308639375303e+01
2.553714342824545724e+01 2.560495438364185361e+01 2.551748065269910981e+01 2.556736250677768041e+01 2.558726123287979703e+01 2.555926954135190243e+01 2.550917447462532195e+01 2.558556458766953412e+01 2.560242203482584955e+01 2.554380148025652630e+01 2.552135535635287056e+01 2.557063759833874173e+01 2.560487950627014087e+01 2.555250318558339018e+01 2.560009325830485949e+01 2.558925084342183354e+01 2.559969939367458025e+01 2.553082476215984542e+01 2.560379882441428379e+01 2.557441239585392623e+01 2.551115733980996225e+01 2.550461958092711257e+01 2.551402791603099729e+01 2.553245970771818207e+01 2.560513509952879474e+01 2.556688052113285536e+01 2.560703988357833794e+01 2.551635373662930917e+01 2.559678363019244074e+01 2.550758060453232190e+01 2.558795856706836602e+01 2.550288577381987665e+01 2.560392279695704687e+01 2.558830531171160771e+01 2.557763818296653824e+01 2.553546682816545399e+01 2.554459805583851306e+01 2.551915733441662226e+01 2.555517574803831593e+01 2.550490229185909641e+01
2.553881103796688734e+01 2.559987048841918522e+01 2.552110990443942740e+01 2.556601972275443302e+01 2.558393542827098699e+01 2.555872952852011082e+01 2.551363623112592904e+01 2.558241725397874688e+01 2.559760384272017220e+01 2.554479835299413182e+01 2.552459929210280976e+01 2.556896125252901442e+01 2.559980206806527292e+01 2.555263885835005411e+01 2.559548894506296790e+01 2.558573052408986825e+01 2.559514542881072430e+01 2.553311591396879265e+01 2.559884525283649026e+01 2.557236068757785574e+01 2.551541504790871429e+01 2.550954013427910638e+01 2.551799828667580883e+01 2.553459535780887180e+01 2.560003787990853397e+01 2.556557777196249504e+01 2.560176345862531377e+01 2.552009935448368694e+01 2.559251142616739116e+01 2.551220384079210390e+01 2.558456737615567533e+01 2.550797320262110190e+01 2.559894472909905261e+01 2.558487260761472015e+01 2.557527327990949573e+01 2.553729820883334867e+01 2.554551615915150364e+01 2.552261715818319487e+01 2.555504723421018198e+01 2.550978756011819826e+01
2.554031180277790725e+01 2.559530027018505294e+01 2.552437617913691170e+01 2.556480605613032253e+01 2.558095108387849947e+01 2.555824705048490486e+01 2.551765251938401491e+01 2.557957517487733412e+01 2.559324917285179879e+01 2.554570568908715700e+01 2.552751603296770355e+01 2.556746108938863671e+01 2.559524006915062344e+01 2.555275816940400446e+01 2.559135623938891158e+01 2.558255821448684486e+01 2.559104567037294942e+01 2.553518501205122959e+01 2.559436824616998152e+01 2.557052400911112144e+01 2.551925491349598119e+01 2.551396174443455678e+01 2.552157799389233617e+01 2.553651376560613784e+01 2.559544576602685595e+01 2.556441263552644116e+01 2.559700138020620130e+01 2.552346805380411610e+01 2.558867278509595877e+01 2.551635853753095162e+01 2.558151245142445163e+01 2.551255483880149200e+01 2.559446963425119748e+01 2.558178918446753158e+01 2.557314564731872863e+01 2.553895086719006002e+01 2.554634945551722325e+01 2.552573788938143196e+01 2.555492822219095927e+01 2.551418670555766255e+01
2.554166271189337323e+01 2.559118132430084813e+01 2.552731817894462552e+01 2.556372091527455837e+01 2.557825568345839429e+01 2.555781059866907512e+01 2.552126447668153730e+01 2.557701863809232634e+01 2.558933891134586958e+01 2.554652009702480342e+01 2.553014644166445279e+01 2.556610850227039577e+01 2.559112697129902614e+01 2.555287102327707416e+01 2.558762873771134849e+01 2.557970776514210698e+01 2.558734525892772282e+01 2.553704926556651600e+01 2.559034473403050214e+01 2.556886713339964246e+01 2.552270815624252265e+01 2.551794475557898068e+01 2.552479951675218572e+01 2.553824740732869714e+01 2.559131679339290955e+01 2.556336497047119849e+01 2.559271273060864615e+01 2.552649965122781595e+01 2.558521004476664018e+01 2.552010399712374777e+01 2.557876221881558365e+01 2.551667725954638399e+01 2.559042942774771490e+01 2.557901510249079990e+01 2.557122569023570335e+01 2.554043788841683948e+01 2.554709928669200991e+01 2.552854297788102400e+01 2.555482339380961676e+01 2.551814770492907769e+01
2.554288240274804878e+01 2.558747104557261665e+01 2.552996684509651715e+01 2.556274090107434915e+01 2.557583308590170290e+01 2.555742153441187625e+01 2.552451933565654230e+01 2.557471831984006982e+01 2.558581108754069078e+01 2.554725458774083435e+01 2.553251260552577406e+01 2.556489179890469288e+01 2.558742231887402596e+01 2.555297190138171715e+01 2.558427177309023648e+01 2.557713682702179270e+01 2.558402064585201074e+01 2.553872621511696650e+01 2.558671823513939714e+01 2.556737624352363980e+01 2.552581729325861204e+01 2.552152959450195979e+01 2.552769916268876926e+01 2.553980538270483791e+01 2.558759105352364571e+01 2.556242021209738979e+01 2.558885324438232090e+01 2.552923193814530833e+01 2.558209477151886446e+01 2.552347222242607216e+01 2.557628739936937023e+01 2.552038825790499033e+01 2.558679725699026619e+01 2.557651241769301365e+01 2.556950258262122944e+01 2.554177887316654960e+01 2.554777555133898659e+01 2.553107096038319668e+01 2.555473145737467533e+01 2.552171092812209707e+01
2.554397913309215795e+01 2.558413161805145819e+01 2.553235175463004580e+01 2.556186072298343959e+01 2.557365042696700996e+01 2.555707025778040986e+01 2.552744738870047314e+01 2.557264503339212780e+01 2.558263590932218179e+01 2.554791742864598802e+01 2.553464412433386599e+01 2.556379787284019400e+01 2.558408800442293085e+01 2.555306397443099797e+01 2.558125097085861910e+01 2.557482465619992951e+01 2.558102186323546690e+01 2.554023886275743394e+01 2.558345192535105994e+01 2.556603549855893576e+01 2.552861721555522578e+01 2.552475601413017614e+01 2.553031118250006415e+01 2.554121003846161386e+01 2.558424030600756538e+01 2.556157273847375677e+01 2.558537397955575088e+01 2.553168958890945461e+01 2.557928903566433831e+01 2.552650568470284398e+01 2.557405825533991717e+01 2.552372925901921619e+01 2.558352334750129842e+01 2.557426350490760569e+01 2.556794823706128028e+01 2.554298629133926468e+01 2.554838580244084412e+01 2.553334634770078537e+01 2.555464766854661463e+01 2.552492053921236703e+01
2.554496814473981203e+01 2.558112269103000713e+01 2.553449932198443406e+01 2.556106862740368157e+01 2.557168469095446994e+01 2.555675501884769574e+01 2.553008439958604114e+01 2.557078017506491108e+01 2.557977723555652716e+01 2.554851340955622518e+01 2.553656343948527763e+01 2.556281220848688918e+01 2.558108334320058219e+01 2.555314774253035992e+01 2.557852833886859756e+01 2.557274205442918458e+01 2.557832340312218378e+01 2.554159973484125601e+01 2.558051219145531618e+01 2.556482714307883697e+01 2.553113690007972281e+01 2.552766160208366486e+01 2.553266185928738707e+01 2.554247495339405205e+01 2.558122091906042073e+01 2.556080849629643481e+01 2.558224308608571462e+01 2.553390376877266732e+01 2.557676201492684243e+01 2.552923669546472496e+01 2.557205201187714749e+01 2.552673656651556300e+01 2.558057548841433970e+01 2.557223603215204832e+01 2.556655033446797631e+01 2.554407385540931585e+01 2.554893505085173189e+01 2.553539479850916649e+01 2.555457404295803769e+01 2.552780897705463303e+01
2.554585858933496922e+01 2.557841414305887184e+01 2.553643287093285252e+01 2.556035517457750927e+01 2.556991567744810112e+01 2.555647160509679594e+01 2.553245846189015111e+01 2.556910014301072565e+01 2.557720160540602450e+01 2.554905116373951302e+01 2.553829127562623924e+01 2.556192580609785381e+01 2.557837887083282880e+01 2.555322307280374261e+01 2.557607818706830471e+01 2.557086676051773111e+01 2.557589343116806191e+01 2.554282590270162956e+01 2.557786341300095145e+01 2.556374034645332927e+01 2.553340622047038266e+01 2.553027677076494939e+01 2.553477894152722172e+01 2.554361360431288830e+01 2.557850207685826049e+01 2.556012141824647088e+01 2.557942256833538153e+01 2.553589689850069178e+01 2.557448740963089051e+01 2.553169488413652033e+01 2.557024542748261098e+01 2.552944433099183996e+01 2.557792167113040094e+01 2.557041145827522044e+01 2.556529174186950470e+01 2.554505355232562280e+01 2.554943043621505794e+01 2.553723972398842790e+01 2.555450748435125163e+01 2.553040977180380366e+01
2.554666045785235085e+01 2.557597478741825014e+01 2.553817397503723896e+01 2.555971363260770346e+01 2.556832198541781764e+01 2.555621634546654164e+01 2.553459564703711493e+01 2.556758779347013188e+01 2.557488351744746780e+01 2.554953511996249915e+01 2.553984746407595452e+01 2.556112753091392165e+01 2.557594300590560721e+01 2.555329157246594463e+01 2.557387122632516707e+01 2.556917880291837974e+01 2.557370460293191883e+01 2.554393006601961247e+01 2.557547919741105602e+01 2.556276146114907277e+01 2.553544900623685621e+01 2.553263162850483781e+01 2.553668493631450431e+01 2.554463953014014876e+01 2.557605440455990120e+01 2.555950292303301552e+01 2.557688287847945219e+01 2.553769143561843080e+01 2.557243863648523785e+01 2.553390863360575125e+01 2.556861888146891815e+01 2.553188201376978839e+01 2.557553100269415580e+01 2.556876870419070968e+01 2.556415819765402730e+01 2.554593565586951343e+01 2.554987650200532912e+01 2.553890040734302147e+01 2.555444796262186458e+01 2.553275140040330626e+01
2.554738283758942785e+01 2.557377820559068482e+01 2.553974164780829881e+01 2.555913572697725300e+01 2.556688749159420837e+01 2.555598697362781380e+01 2.553652019860817290e+01 2.556622618885505815e+01 2.557279546665462888e+01 2.554997109798488353e+01 2.554124843857115223e+01 2.556040897775405796e+01 2.557374961040995842e+01 2.555335323342103493e+01 2.557188402043049535e+01 2.556765851864304295e+01 2.557173444664741879e+01 2.554492418426064404e+01 2.557333192511368480e+01 2.556188025522175167e+01 2.553728833529886799e+01 2.553475171488315354e+01 2.553840102937826373e+01 2.554556300075636344e+01 2.557384964105076364e+01 2.555894598712300692e+01 2.557459619772601656e+01 2.553930747761667419e+01 2.557059418619520130e+01 2.553590141600285079e+01 2.556715448908721555e+01 2.553407678975664297e+01 2.557337896836619962e+01 2.556728912035093515e+01 2.556313814197928735e+01 2.554673018024356779e+01 2.555027835308743533e+01 2.554039594765361443e+01 2.555439465646793806e+01 2.553485945844393257e+01
2.554803316481411457e+01 2.557180045827018233e+01 2.554115321088705315e+01 2.555861567850254090e+01 2.556559568122199266e+01 2.555578038374342498e+01 2.553825277703461438e+01 2.556500000916323501e+01 2.557091552017237746e+01 2.555036382238731818e+01 2.554251002139509552e+01 2.555976217156082342e+01 2.557177472473146906e+01 2.555340895599596607e+01 2.557009483996058918e+01 2.556628994968260926e+01 2.556995990651385853e+01 2.554581959926283474e+01 2.557139841152955384e+01 2.556108698157192549e+01 2.553894448074649404e+01 2.553666050082311045e+01 2.553994631221775080e+01 2.554639474413599487e+01 2.557186483165741819e+01 2.555844488005904935e+01 2.557253679035808958e+01 2.554076232076828390e+01 2.556893330850289203e+01 2.553769580014004958e+01 2.556583587729808116e+01 2.553605289063590789e+01 2.557144081947504333e+01 2.556595735203121933e+01 2.556221939633230633e+01 2.554744560488027005e+01 2.555064035598564232e+01 2.554174243516262521e+01 2.555434662114176803e+01 2.553675766107505751e+01
2.554861891825378706e+01 2.557001943758506712e+01 2.554242421693496823e+01 2.555814747687073663e+01 2.556443250049047222e+01 2.555559452468023807e+01 2.553981286197339529e+01 2.556389615323933384e+01 2.556922276600766253e+01 2.555071738426609684e+01 2.554364596533849863e+01 2.555917974820448535e+01 2.556999624675133731e+01 2.555345924569235194e+01 2.556848355771118264e+01 2.556505759060375027e+01 2.556836227977886011e+01 2.554662574316158441e+01 2.556965753975313405e+01 2.556037262300767310e+01 2.554043554097707869e+01 2.553837920586689592e+01 2.554133757405266891e+01 2.554714367077517423e+01 2.557007738852986378e+01 2.555799358614920180e+01 2.557068264394130352e+01 2.554207241529541150e+01 2.556743777412535223e+01 2.553931140419308576e+01 2.556464869502143955e+01 2.553783206714106768e+01 2.556969569625982786e+01 2.556475794338339469e+01 2.556139235880439742e+01 2.554808985585928127e+01 2.555096632344204721e+01 2.554295480630832316e+01 2.555430359508147475e+01 2.553846663187932364e+01
2.554914634074676627e+01 2.556841584957381741e+01 2.554356863525481813e+01 2.555772591354340051e+01 2.556338524678106694e+01 2.555542723474441758e+01 2.554121752110719967e+01 2.556290213699621461e+01 2.556769842201416409e+01 2.555103587157148581e+01 2.554466876098211259e+01 2.555865546492847074e+01 2.556839496978828308e+01 2.555350455081249450e+01 2.556703287063058028e+01 2.556394797223428839e+01 2.556692369534579612e+01 2.554735171609540600e+01 2.556808984108308991e+01 2.555972954980545353e+01 2.554177815627354775e+01 2.553992662016412396e+01 2.554259033560115455e+01 2.554781800867035457e+01 2.556846794357562302e+01 2.555758737918571200e+01 2.556901296681812852e+01 2.554325197124957114e+01 2.556609124434691438e+01 2.554076602088397863e+01 2.556357973458028710e+01 2.553943403182593741e+01 2.556812437902414104e+01 2.556367810819299180e+01 2.556064769224006028e+01 2.554867000781435138e+01 2.555125994049299720e+01 2.554404648001851186e+01 2.555426484692097588e+01 2.554000540084092563e+01
2.554962127063917876e+01 2.556697188511584073e+01 2.554459909838827514e+01 2.555734643566908559e+01 2.556244220225985231e+01 2.555527662067906647e+01 2.554248224497055020e+01 2.556200716605819423e+01 2.556632597992185651e+01 2.555132262584704961e+01 2.554558974447378716e+01 2.555818339100313707e+01 2.556695306550201963e+01 2.555354543350450314e+01 2.556572655278428385e+01 2.556294891716446571e+01 2.556562829585240593e+01 2.554800540655206476e+01 2.556667834080536750e+01 2.555915049234817360e+01 2.554298699642688319e+01 2.554131993428986647e+01 2.554371830449611380e+01 2.554842526693509086e+01 2.556701879647000197e+01 2.555722165102304544e+01 2.556750956095376637e+01 2.554431405506115382e+01 2.556487873933770771e+01 2.554207579942239192e+01 2.556261725501046556e+01 2.554087640064412668e+01 2.556670942406491776e+01 2.556270581321932411e+01 2.555997717643963085e+01 2.554919239634894268e+01 2.555152433376239429e+01 2.554502938461353168e+01 2.555423002562787715e+01 2.554139089145920494e+01
2.555004894914308977e+01 2.556567170458596294e+01 2.554552693820004095e+01 2.555700473510789550e+01 2.556159312821304042e+01 2.555514106653992101e+01 2.554362103084709190e+01 2.556120133650093607e+01 2.556509012195378006e+01 2.555158086039397602e+01 2.554641898801405020e+01 2.555775836933779033e+01 2.556565474462093590e+01 2.555358225657859705e+01 2.556455032824431228e+01 2.556204931794526658e+01 2.556446196558117023e+01 2.554859400285187121e+01 2.556540734465192344e+01 2.555862913624339683e+01 2.554407544814115738e+01 2.554257445287935724e+01 2.554473393558941297e+01 2.554897202799130795e+01 2.556571387552015295e+01 2.555689235954808325e+01 2.556615586875875579e+01 2.554527038695015406e+01 2.556378701737475367e+01 2.554325508022535729e+01 2.556175064900522642e+01 2.554217510441684169e+01 2.556543543214554859e+01 2.556183031397403838e+01 2.555937350352169801e+01 2.554966279989536559e+01 2.555176243420537219e+01 2.554591443065777412e+01 2.555419871206115090e+01 2.554263836075800143e+01
2.555043403373023381e+01 2.556450100775028034e+01 2.554636238098964895e+01 2.555669710755780244e+01 2.556082859165022825e+01 2.555501901506637097e+01 2.554464637211346911e+01 2.556047574682880708e+01 2.556397735880992883e+01 2.555181340025080416e+01 2.554716566728883009e+01 2.555737570094428435e+01 2.556448571991393592e+01 2.555361544657345974e+01 2.556349124675776352e+01 2.556123934570096523e+01 2.556341172341400991e+01 2.554912401886546647e+01 2.556426291701878029e+01 2.555815972286669790e+01 2.554505549739023706e+01 2.554370401689800474e+01 2.554564843029787724e+01 2.554946437162928419e+01 2.556453894487759371e+01 2.555659590737508324e+01 2.556493693797385447e+01 2.554613145503872218e+01 2.556280400321669077e+01 2.554431692345673355e+01 2.556097034684427172e+01 2.554334445561593725e+01 2.556428826201577209e+01 2.556104205351590153e+01 2.555882992685673827e+01 2.555008636697155211e+01 2.555197684901256494e+01 2.554671132396400424e+01 2.555417052553436008e+01 2.554376160004533602e+01
2.555078079564728810e+01 2.556344687248368430e+01 2.554711462802108812e+01 2.555642012719781775e+01 2.556014019639435020e+01 2.555490914372835576e+01 2.554556960688639577e+01 2.555982244208841081e+01 2.556297540472523266e+01 2.555202278419893958e+01 2.554783798810628781e+01 2.555703114663197084e+01 2.556343308671373293e+01 2.555364535061744746e+01 2.556253760797937247e+01 2.556051002971528519e+01 2.556246609450012031e+01 2.554960124728165383e+01 2.556323246469452570e+01 2.555773705538123863e+01 2.554593792999873614e+01 2.554472108735513913e+01 2.554647184055264475e+01 2.554990768874616336e+01 2.556348098694713400e+01 2.555632897630441391e+01 2.556383941205919541e+01 2.554690678727837394e+01 2.556191888193846040e+01 2.554527300766807940e+01 2.556026776947025070e+01 2.554439733749884667e+01 2.556325533807066108e+01 2.556033226843392114e+01 2.555834051308457333e+01 2.555046776677897924e+01 2.555216992077278348e+01 2.554742885716124334e+01 2.555414517742555347e+01 2.554477295516974067e+01
2.555109302913974645e+01 2.556249772242406948e+01 2.554779196203628544e+01 2.555617073916756254e+01 2.555952036669308569e+01 2.555481022559183657e+01 2.554640089110342771e+01 2.555923419183455891e+01 2.556207321711372771e+01 2.555221133523122035e+01 2.554844335546188816e+01 2.555672092571861143e+01 2.556248529090704125e+01 2.555367228639882171e+01 2.556167895352693620e+01 2.555985335072281117e+01 2.556161462964764652e+01 2.555003096678287733e+01 2.556230461260385312e+01 2.555735649992344705e+01 2.554673248784988715e+01 2.554563685564608733e+01 2.554721325639378904e+01 2.555030686205740054e+01 2.556252838897923141e+01 2.555608865012828801e+01 2.556285116470310470e+01 2.554760489949908830e+01 2.556112191529616950e+01 2.554613386848495793e+01 2.555963516291998161e+01 2.554534536068906903e+01 2.556232527896778350e+01 2.555969318704235960e+01 2.555789984252987779e+01 2.555081119488293950e+01 2.555234378271283191e+01 2.554807493789271433e+01 2.555412235890489825e+01 2.554568359042516335e+01
2.555137417656057863e+01 2.556164308778554428e+01 2.554840184597954433e+01 2.555594620221252455e+01 2.555896225818726464e+01 2.555472116571302621e+01 2.554714938589072659e+01 2.555870453344182280e+01 2.556126088606322710e+01 2.555238111127027878e+01 2.554898844285818882e+01 2.555644160308108681e+01 2.556163187321780939e+01 2.555369655427313447e+01 2.556090579971052890e+01 2.555926207707246078e+01 2.556084795427437584e+01 2.555041789643535566e+01 2.556146917140353736e+01 2.555701384386524566e+01 2.554744791098972811e+01 2.554646142511175810e+01 2.554788083417542666e+01 2.555066629382786658e+01 2.556167065817494333e+01 2.555587226421904745e+01 2.556196133454297126e+01 2.554823349078815298e+01 2.556040431088733555e+01 2.554690900043065938e+01 2.555906556263132856e+01 2.554619896567763959e+01 2.556148783065892971e+01 2.555911775164989308e+01 2.555750306137344907e+01 2.555112042762597468e+01 2.555250033669218368e+01 2.554865667373078963e+01 2.555410182573318423e+01 2.554650353312608502e+01
2.555162733339327730e+01 2.556087356380261610e+01 2.554895099523421820e+01 2.555574402905781284e+01 2.555845973850151864e+01 2.555464098543881235e+01 2.554782334194011639e+01 2.555822762607359167e+01 2.556052944404391880e+01 2.555253398777408336e+01 2.554947924668940473e+01 2.555619010605266439e+01 2.556086344541523303e+01 2.555371841098385843e+01 2.556020964441691490e+01 2.555872968606069406e+01 2.556015763753554637e+01 2.555076629730911009e+01 2.556071692346947799e+01 2.555670531967003356e+01 2.554809208812363153e+01 2.554720387388575276e+01 2.554848193111953947e+01 2.555098993177610112e+01 2.556089833854505855e+01 2.555567743393187641e+01 2.556116011935736054e+01 2.554879948564120085e+01 2.555975817645643033e+01 2.554760693343946087e+01 2.555855269269335395e+01 2.554696756032903338e+01 2.556073378782096128e+01 2.555859962254949380e+01 2.555714580473681963e+01 2.555139887235955598e+01 2.555264130820048507e+01 2.554918048077631099e+01 2.555408334549030158e+01 2.554724181614543710e+01
2.555185528220812685e+01 2.556018067600670562e+01 2.554944545896675123e+01 2.555556199822529351e+01 2.555800726342021534e+01 2.555456879408559701e+01 2.554843017810134143e+01 2.555779821467125146e+01 2.555987084840064227e+01 2.555267164501866262e+01 2.554992117710270705e+01 2.555596366101506334e+01 2.556017154418654158e+01 2.555373809860764922e+01 2.555958281912672447e+01 2.555825032126804075e+01 2.555953606272613854e+01 2.555108000858397688e+01 2.556003959124429770e+01 2.555642752576611088e+01 2.554867211384705428e+01 2.554787238324290399e+01 2.554902316891156033e+01 2.555128134607930690e+01 2.556020293729479675e+01 2.555550201449973002e+01 2.556043869146879643e+01 2.554930911412713002e+01 2.555917638924124091e+01 2.554823536291152664e+01 2.555809090128166616e+01 2.554765961150446429e+01 2.556005483386078936e+01 2.555813310009991568e+01 2.555682412725956709e+01 2.555164959175106887e+01 2.555276824691555149e+01 2.554965212372691497e+01 2.555406671052602974e+01 2.554790657660941378e+01
2.555206053607871297e+01 2.555955679031636052e+01 2.554989068303814648e+01 2.555539809960313846e+01 2.555759985213365582e+01 2.555450379811457040e+01 2.554897658323159249e+01 2.555741157243183181e+01 2.555927784109717038e+01 2.555279559672138845e+01 2.555031909924575473e+01 2.555575977092053463e+01 2.555954854641769458e+01 2.555375583087795732e+01 2.555901841684409703e+01 2.555781869691004005e+01 2.555897639344291861e+01 2.555136248060583526e+01 2.555942971468656566e+01 2.555617739956217349e+01 2.554919437648931080e+01 2.554847431841547944e+01 2.554951050707987292e+01 2.555154374230060910e+01 2.555957678694662860e+01 2.555534406774578926e+01 2.555978911170761947e+01 2.554976799381242003e+01 2.555865254280973886e+01 2.554880120872977756e+01 2.555767510298545275e+01 2.554828274271604727e+01 2.555944349742935273e+01 2.555771303726692167e+01 2.555653449096010021e+01 2.555187534725671128e+01 2.555288254850392349e+01 2.555007679932604958e+01 2.555405173876050284e+01 2.554850513422955061e+01
2.555224535250022910e+01 2.555899503839761167e+01 2.555029157088788594e+01 2.555525052725279522e+01 2.555723301713290496e+01 2.555444527901801877e+01 2.554946857419084694e+01 2.555706343676137493e+01 2.555874389042701011e+01 2.555290720917095371e+01 2.555067739596960052e+01 2.555557619074638254e+01 2.555898759410403898e+01 2.555377180142391680e+01 2.555851022536365846e+01 2.555743006027526576e+01 2.555847246106044679e+01 2.555161682655029409e+01 2.555888057414357917e+01 2.555595218757818543e+01 2.554966463067661309e+01 2.554901630859117034e+01 2.554994931537277836e+01 2.555178001048351177e+01 2.555901299545541860e+01 2.555520185585838888e+01 2.555920422138874670e+01 2.555018117626670460e+01 2.555818086783198240e+01 2.554931070434543372e+01 2.555730071590793528e+01 2.554884381898287060e+01 2.555889304392476902e+01 2.555733481193529499e+01 2.555627370177076330e+01 2.555207862425468335e+01 2.555298547190804470e+01 2.555045918518800363e+01 2.555403826155435354e+01 2.554904408463606558e+01
2.555241176718053708e+01 2.555848923106143644e+01 2.555065253809245363e+01 2.555511765557567117e+01 2.555690271608063213e+01 2.555439259132050012e+01 2.554991157069840924e+01 2.555674997460317499e+01 2.555826311757391167e+01 2.555300770932078080e+01 2.555100001392180786e+01 2.555541089603755722e+01 2.555848250644728381e+01 2.555378618587224082e+01 2.555805264431373303e+01 2.555708013023670588e+01 2.555801871574137607e+01 2.555184584588637264e+01 2.555838612404451737e+01 2.555574940658492267e+01 2.555008805477125122e+01 2.554950432527029847e+01 2.555034442579296794e+01 2.555199275299873563e+01 2.555850535238933219e+01 2.555507380992260025e+01 2.555867758088136554e+01 2.555055321350170772e+01 2.555775616747997958e+01 2.554976946270823746e+01 2.555696361637907188e+01 2.554934902019748222e+01 2.555839740962814943e+01 2.555699425555226156e+01 2.555603888709887883e+01 2.555226166071641103e+01 2.555307814889225426e+01 2.555080349215331736e+01 2.555402613075554541e+01 2.554952936368456662e+01
2.555256161245283408e+01 2.555803379796189745e+01 2.555097756005666554e+01 2.555499801921619962e+01 2.555660531209616693e+01 2.555434515438985699e+01 2.555031045258577649e+01 2.555646773212770739e+01 2.555783022488012080e+01 2.555309820437855706e+01 2.555129050558966242e+01 2.555526206619316198e+01 2.555802772138195778e+01 2.555379914110788064e+01 2.555764063508184591e+01 2.555676505124537101e+01 2.555761016066558255e+01 2.555205206084544045e+01 2.555794091642328070e+01 2.555556682344107600e+01 2.555046931342986127e+01 2.554994374319497297e+01 2.555070019062316078e+01 2.555218431166471049e+01 2.555804826554929576e+01 2.555495851914761118e+01 2.555820338904948130e+01 2.555088820307258146e+01 2.555737376485767243e+01 2.555018253599767064e+01 2.555666009077220480e+01 2.554980391150659358e+01 2.555795113703267418e+01 2.555668761684820112e+01 2.555582746057596921e+01 2.555242647242251763e+01 2.555316159997168413e+01 2.555111351324954327e+01 2.555401521152762712e+01 2.554996631671685492e+01
2.555269653789297735e+01 2.555762372258794812e+01 2.555127021656312181e+01 2.555489030061035294e+01 2.555633752814664206e+01 2.555430244457994604e+01 2.555066961278676629e+01 2.555621360014022869e+01 2.555744044554592165e+01 2.555317969030463132e+01 2.555155207078097490e+01 2.555512806110282753e+01 2.555761822943093264e+01 2.555381080958077433e+01 2.555726965916112903e+01 2.555648135330342541e+01 2.555724229430228434e+01 2.555223774255005509e+01 2.555754004829612924e+01 2.555540242629384551e+01 2.555081260573718183e+01 2.555033940266520531e+01 2.555102052826524073e+01 2.555235679666049009e+01 2.555763670152537159e+01 2.555485471329611613e+01 2.555777642259609550e+01 2.555118983416528522e+01 2.555702944707203983e+01 2.555055447473150920e+01 2.555638679531241308e+01 2.555021350331940866e+01 2.555754930931930957e+01 2.555641151866242211e+01 2.555563709208278311e+01 2.555257487390273496e+01 2.555323674357319774e+01 2.555139266247340402e+01 2.555400538284871459e+01 2.555035975694032757e+01
2.555281802954173287e+01 2.555725448776361475e+01 2.555153373078265844e+01 2.555479331236058727e+01 2.555609641482262617e+01 2.555426399128623416e+01 2.555099300760777226e+01 2.555598477945186531e+01 2.555708948561971638e+01 2.555325306409423902e+01 2.555178758996824939e+01 2.555500740416157157e+01 2.555724951987884097e+01 2.555382131909377463e+01 2.555693562999945101e+01 2.555622591069111849e+01 2.555691106559461900e+01 2.555240493539519520e+01 2.555717910402932347e+01 2.555525440382550784e+01 2.555112171271711929e+01 2.555069566168904061e+01 2.555130896669783169e+01 2.555251210705463549e+01 2.555726612609765525e+01 2.555476124805117877e+01 2.555739197916998506e+01 2.555146142929449837e+01 2.555671942159671417e+01 2.555088937523085946e+01 2.555614071955615429e+01 2.555058230706703526e+01 2.555718750112283999e+01 2.555616291877316471e+01 2.555546568501503657e+01 2.555270849941179279e+01 2.555330440678931581e+01 2.555164401451620648e+01 2.555399653618652067e+01 2.555071401753598437e+01
2.555292742491803892e+01 2.555692202665661483e+01 2.555177100490524822e+01 2.555470598582816777e+01 2.555587931604662089e+01 2.555422937034489195e+01 2.555128419871284962e+01 2.555577874902648006e+01 2.555677347928167009e+01 2.555331913370430641e+01 2.555199965704409593e+01 2.555489876612204370e+01 2.555691753173303482e+01 2.555383078491913906e+01 2.555663486861132583e+01 2.555599590972249757e+01 2.555661282549090885e+01 2.555255548083458805e+01 2.555685410759043208e+01 2.555512112546641035e+01 2.555140003903526491e+01 2.555101644404356520e+01 2.555156868289875405e+01 2.555265195325181082e+01 2.555693245786264001e+01 2.555467709380634389e+01 2.555704582369185474e+01 2.555170597942261423e+01 2.555644027341016766e+01 2.555119092620641297e+01 2.555591915257796387e+01 2.555091438492511458e+01 2.555686172690344904e+01 2.555593907918659724e+01 2.555531135066524229e+01 2.555282882033173308e+01 2.555336533456206638e+01 2.555187033763914783e+01 2.555398857338652263e+01 2.555103300063331773e+01
2.555302592868952161e+01 2.555662267693456968e+01 2.555198465213913295e+01 2.555462735880328040e+01 2.555568384014554795e+01 2.555419820003788800e+01 2.555154639331034971e+01 2.555559323941605143e+01 2.555648894583696062e+01 2.555337862632307377e+01 2.555219060757526250e+01 2.555480094983217754e+01 2.555661860783386885e+01 2.555383931096590189e+01 2.555636406170321351e+01 2.555578881668395042e+01 2.555634428889095489e+01 2.555269103654876872e+01 2.555656147934248423e+01 2.555500112265228552e+01 2.555165064997798652e+01 2.555130528297062753e+01 2.555180253714803484e+01 2.555277787529147560e+01 2.555663202128400258e+01 2.555460132305669418e+01 2.555673414348454031e+01 2.555192617803470512e+01 2.555618892741883741e+01 2.555146244898406849e+01 2.555571965364072540e+01 2.555121339437015138e+01 2.555656839813450887e+01 2.555573753383698232e+01 2.555517238883687980e+01 2.555293716155414785e+01 2.555342019748457716e+01 2.555207412435888870e+01 2.555398140647150740e+01 2.555132021942015896e+01
