3.500000000000000000e+01 5.600000000000000000e+01 4.800000000000000000e+01 6.800000000000000000e+01 6.600000000000000000e+01 4.100000000000000000e+01 6.300000000000000000e+01 5.000000000000000000e+01 4.500000000000000000e+01 4.200000000000000000e+01 5.300000000000000000e+01 6.300000000000000000e+01 3.800000000000000000e+01 5.200000000000000000e+01 5.600000000000000000e+01 4.000000000000000000e+01 6.200000000000000000e+01 7.000000000000000000e+01 3.900000000000000000e+01 4.300000000000000000e+01
4.009299067221581936e+01 6.000430589250754565e+01 6.209597306791692972e+01 5.680466243205592036e+01 4.141692136914934963e+01 4.293147864099591970e+01 4.806237578880973160e+01 5.341897925455123186e+01 5.623667910625226796e+01 5.154818540441920049e+01 5.246436907094903290e+01 4.987634593714028597e+01 4.199129373265895993e+01 4.352783939498476684e+01 6.194269909150898457e+01 4.925640127586666495e+01 6.260990817472338676e+01 4.793800499575445428e+01 5.152438025618903339e+01 4.988192324148258194e+01
4.529641315135064161e+01 5.266709256120076077e+01 6.049456807848200413e+01 5.235072404800075674e+01 4.496332246217502160e+01 5.174351978773091787e+01 5.606685556181804486e+01 4.253255403628197229e+01 6.058129923577254772e+01 4.763491560140302283e+01 5.905156727243927151e+01 5.554371478916077365e+01 5.022120481623985455e+01 4.901132423133762472e+01 5.630998783020822884e+01 5.447841555169037520e+01 5.064233594871025446e+01 4.896756904637315699e+01 4.662154504143516220e+01 5.892580406067487786e+01
4.931843227645779137e+01 5.554504562515566590e+01 5.193428095047926263e+01 5.634994420708713392e+01 5.088397699454014855e+01 4.550165720944105630e+01 5.842293145029707091e+01 4.728850359457498342e+01 5.396347825706314438e+01 4.650010871455377526e+01 5.754154410236562001e+01 5.910965428741121741e+01 5.104322243413334093e+01 5.400982916260581845e+01 5.373282278851384319e+01 4.815917736763329771e+01 5.235458236825078870e+01 5.287098412163616956e+01 4.508737930465690624e+01 5.723675319399294636e+01
4.709587899281007850e+01 5.790718765286128189e+01 5.340473776793480454e+01 5.667050576662768435e+01 4.737866120749612264e+01 4.605977736497669639e+01 5.347340494166859060e+01 5.110013725940549278e+01 5.491664606284660977e+01 5.050202157314807749e+01 5.436948239161549168e+01 5.515711379644629631e+01 4.710114029910538136e+01 5.018417636418952554e+01 5.649250555641089022e+01 4.849467264071442685e+01 5.531001632499341270e+01 5.153976413669722234e+01 4.829021180711763606e+01 5.269995373450267806e+01
4.752874497809366261e+01 5.555502246394456733e+01 5.551428569498858678e+01 5.411077829856498056e+01 4.730659047871908740e+01 4.939395000785640377e+01 5.317494103735971578e+01 4.808533157042452189e+01 5.735727925592992449e+01 5.025304923080177844e+01 5.580541996910131530e+01 5.474274499976245778e+01 4.924257862374003736e+01 4.943663436644257558e+01 5.642661610226968349e+01 5.177720695190234323e+01 5.318882629954786978e+01 5.028659426784854247e+01 4.844137174205364715e+01 5.378285866598766063e+01
4.921155547789773976e+01 5.504015614048479677e+01 5.372072105029576505e+01 5.411266620966320318e+01 4.964158898769190387e+01 4.854312113813116980e+01 5.474418995224955609e+01 4.842471703339091960e+01 5.582305907476170859e+01 4.901045982235050502e+01 5.642293174156046831e+01 5.633312140353425690e+01 5.073884359876238648e+01 5.167186151661081794e+01 5.479938216195088074e+01 5.079717698575392149e+01 5.215146940597872316e+01 5.141972600983527286e+01 4.788873932836601455e+01 5.474094918985942115e+01
4.906185363338754257e+01 5.592557856566723729e+01 5.291951918400242505e+01 5.470110887359376761e+01 4.939604616531891423e+01 4.823552983567829244e+01 5.397136909248661141e+01 5.022394083105839968e+01 5.492892112458306286e+01 5.010068177371316267e+01 5.521413276392316050e+01 5.566863868221437173e+01 4.966434735096116526e+01 5.139934693250866360e+01 5.490868733827542059e+01 4.994498906163863694e+01 5.309740592873528442e+01 5.167301115198927164e+01 4.886092048133583177e+01 5.355808387626979084e+01
4.903967111532240608e+01 5.551495916399635888e+01 5.360301660326378936e+01 5.411976842160407841e+01 4.907811717127121653e+01 4.944101110890670725e+01 5.321540840879604417e+01 4.988140806553810336e+01 5.552699646497455888e+01 5.064264618592243750e+01 5.494169858925533845e+01 5.483804556252598417e+01 4.985512552993678526e+01 5.067901707355287044e+01 5.517790393007785354e+01 5.096037570583765586e+01 5.302497586046364830e+01 5.118526490869038525e+01 4.940619195084731530e+01 5.318854831745547784e+01
4.970089638182545855e+01 5.490139153023174146e+01 5.346442850021729498e+01 5.372297094894605607e+01 4.986056355721130018e+01 4.970060622621014090e+01 5.353221055978190179e+01 4.969291145959364542e+01 5.535475186097610845e+01 5.029997806503805435e+01 5.517390912658155600e+01 5.503562271104728865e+01 5.064357140724770545e+01 5.124694974792363666e+01 5.467859233648659512e+01 5.119911990767025856e+01 5.248451064953486167e+01 5.137022941624722705e+01 4.937502365480717970e+01 5.355069431645819833e+01
4.996469179734101829e+01 5.491906503754348279e+01 5.300541919840981109e+01 5.382381262775801645e+01 5.017843176898774971e+01 4.960119860285745119e+01 5.353556119847563366e+01 5.034326826392504017e+01 5.478947543972177670e+01 5.051802577507223901e+01 5.485635019745284069e+01 5.498076139346139257e+01 5.060033516771171946e+01 5.152737576898508109e+01 5.438270127477154148e+01 5.088050259583139479e+01 5.259407498341471410e+01 5.164013628634924657e+01 4.969425663976269192e+01 5.337323980404051582e+01
5.002658841214218910e+01 5.483310465370113462e+01 5.305471101154153502e+01 5.371987240040640188e+01 5.013897914865678018e+01 5.000595099821680378e+01 5.321074952814598191e+01 5.055593712434162512e+01 5.469739589233971344e+01 5.088805908819070112e+01 5.451634221373145550e+01 5.457711696350956743e+01 5.058230919798968728e+01 5.133431464049557746e+01 5.437993712556049530e+01 5.110555128529632185e+01 5.271243116366905213e+01 5.158167266051877675e+01 5.007000053349923974e+01 5.309673510240480709e+01
5.029723460700868998e+01 5.452418154690877827e+01 5.309964878866500015e+01 5.349743315778698616e+01 5.040038228648889174e+01 5.032253419987204524e+01 5.316151644864085313e+01 5.052950057639939274e+01 5.464034869752046575e+01 5.092447504451854456e+01 5.444324777295396700e+01 5.441397224559534607e+01 5.089618865018128702e+01 5.143748376492908392e+01 5.421791816723264645e+01 5.136166462039899017e+01 5.256328674334457673e+01 5.160486315523070289e+01 5.021691133059151468e+01 5.311829368977507926e+01
5.053617598071508610e+01 5.435207193894405009e+01 5.294600415520285708e+01 5.342929516679824076e+01 5.066657521438568779e+01 5.040610514388386321e+01 5.318245207691428789e+01 5.075680654052884222e+01 5.438659800432805014e+01 5.099758314907041523e+01 5.431472744396389629e+01 5.434298443148809099e+01 5.104801332947363335e+01 5.163141324024446988e+01 5.400389961862187249e+01 5.135187173230305291e+01 5.252016892398722803e+01 5.173861821123113458e+01 5.038340025904778940e+01 5.310260606963841923e+01
5.065913479540152764e+01 5.425214568756567957e+01 5.288116122438319877e+01 5.338122066425066947e+01 5.076427014020038087e+01 5.058093122601138703e+01 5.307545790703423449e+01 5.096504939771322285e+01 5.420254869848700707e+01 5.118453695500093659e+01 5.411014587640369911e+01 5.415769138375517855e+01 5.109195472280137551e+01 5.165120985550216659e+01 5.389810803989705335e+01 5.141468710565757760e+01 5.256757539058449424e+01 5.178998102672975534e+01 5.060569821403920798e+01 5.298679778349784897e+01
5.080921568382741782e+01 5.408947979603219380e+01 5.288579034911509069e+01 5.327615154232384498e+01 5.089443700364410006e+01 5.079151685462707633e+01 5.299616502683225150e+01 5.104289291124788974e+01 5.410184191376518470e+01 5.129333611041981555e+01 5.397586211059896755e+01 5.399035906403656782e+01 5.122790729254084852e+01 5.168598351496190446e+01 5.379894825576253226e+01 5.155567910042100266e+01 5.254385914385453304e+01 5.181658036293991643e+01 5.076465481855805706e+01 5.293627532410931025e+01
5.097281972979237707e+01 5.393629830427790495e+01 5.283788406492906375e+01 5.319695877579159315e+01 5.106095662564636939e+01 5.091911561534068653e+01 5.297492430204808045e+01 5.115557839910601956e+01 5.396345185613928663e+01 5.136340540717434777e+01 5.387127489138730851e+01 5.388626012314889380e+01 5.135851419879143975e+01 5.178292412554371538e+01 5.366904578640330215e+01 5.162351370095682768e+01 5.251144777410470965e+01 5.188188016802732250e+01 5.089348064696145002e+01 5.291816510246785299e+01
5.109466091899001583e+01 5.382646562422164038e+01 5.278701091703925385e+01 5.314690736265880844e+01 5.117625818527969273e+01 5.103639323905446190e+01 5.293112510043547303e+01 5.129236962804122868e+01 5.382069085121109708e+01 5.146643048450692248e+01 5.374500557544153878e+01 5.377180067277488007e+01 5.143351380800198314e+01 5.184143849304372509e+01 5.356400082603700952e+01 5.167240985633439010e+01 5.251748185832805405e+01 5.193712168098612381e+01 5.103557200857065368e+01 5.286956537999783734e+01
5.120406110174584313e+01 5.371615910842664476e+01 5.276758654363025869e+01 5.308692662597290024e+01 5.127380425142639808e+01 5.117120762945485524e+01 5.287835174698349761e+01 5.138625231633212564e+01 5.371419427458797458e+01 5.155953763589634775e+01 5.363084565433536000e+01 5.365091379476770328e+01 5.151604267679860527e+01 5.187818912832103990e+01 5.347993148309630129e+01 5.174980163600221772e+01 5.251659786543174846e+01 5.197237979934830321e+01 5.116266145371464091e+01 5.282558927952084815e+01
5.131664526613788269e+01 5.360426182381691262e+01 5.274449636030969657e+01 5.302787772212202810e+01 5.138181346846721453e+01 5.128330357724800592e+01 5.284606396871914313e+01 5.146866480207728500e+01 5.361461654621004413e+01 5.162815479239033323e+01 5.353855690915279553e+01 5.355323516546800278e+01 5.160611290124397499e+01 5.193187495986883562e+01 5.339257183306271770e+01 5.181497395501983760e+01 5.250360312281262765e+01 5.201298587568039977e+01 5.126852540311242734e+01 5.280026749964015664e+01
5.141552431209721874e+01 5.350911947611564301e+01 5.271423455418408111e+01 5.298201577580660171e+01 5.147680579255374766e+01 5.137740223039602938e+01 5.281702932366867742e+01 5.155899805529661251e+01 5.351294606496563233e+01 5.169772464008871538e+01 5.344884481073864180e+01 5.346583700683719798e+01 5.167708542520108495e+01 5.198146896514487025e+01 5.331075769127577502e+01 5.186269102703214173e+01 5.249971818097741760e+01 5.205436296867367219e+01 5.137000886694853818e+01 5.277232857742750127e+01
5.150174800796788332e+01 5.342382314001477539e+01 5.269272823500364211e+01 5.293935079433077817e+01 5.155661308539428944e+01 5.147127403664696033e+01 5.278368182810094567e+01 5.163756963116639298e+01 5.342391651402297725e+01 5.176631240705587800e+01 5.336287875191089825e+01 5.337906817671358795e+01 5.173989096679959943e+01 5.201814837173644435e+01 5.324095894619588876e+01 5.191349827975398057e+01 5.249921281986753741e+01 5.208740464498100664e+01 5.146538060446628293e+01 5.274242795364435921e+01
5.158386131994228663e+01 5.334161036635241970e+01 5.267526453639891315e+01 5.289720673550043273e+01 5.163378356606290964e+01 5.155780412032537896e+01 5.275562908424033992e+01 5.170433171687960794e+01 5.334531101805825415e+01 5.182435679747776192e+01 5.328758537986333721e+01 5.330080263751420944e+01 5.180323425204494470e+01 5.205489833039467129e+01 5.317604142810817791e+01 5.196283245428560349e+01 5.249454910521500040e+01 5.211781550267292573e+01 5.154943311529256533e+01 5.271905170389877071e+01
5.165957061722942001e+01 5.326676109369842749e+01 5.265607477636017109e+01 5.286020048256858672e+01 5.170589563110599585e+01 5.163317391578829074e+01 5.273225236908345437e+01 5.176907337212705329e+01 5.327036970208806110e+01 5.187709657984022726e+01 5.321901985956062475e+01 5.323151473943143230e+01 5.186002222551384477e+01 5.209134776806460820e+01 5.311469897318242772e+01 5.200394594411261551e+01 5.249073520894965128e+01 5.214789318269691165e+01 5.162625915893010387e+01 5.269838861900527860e+01
5.172714825849574538e+01 5.319974796010093598e+01 5.263889193140501277e+01 5.282725424254247315e+01 5.176943830385170031e+01 5.170316799744875880e+01 5.270910292219100057e+01 5.182921687678827993e+01 5.320138031076169938e+01 5.192762524611763553e+01 5.315454333474780668e+01 5.316662717957176199e+01 5.190986848557042066e+01 5.212238652533235950e+01 5.305963397584862662e+01 5.204189868609721259e+01 5.248912181985988923e+01 5.217466255449202350e+01 5.169790106106587046e+01 5.267764495942185476e+01
5.178931518072126039e+01 5.313759246995616081e+01 5.262457903998028996e+01 5.279616969064345255e+01 5.182777955155900429e+01 5.176845862381169638e+01 5.268763159493971671e+01 5.188230978504985558e+01 5.313956173859124732e+01 5.197324157784730403e+01 5.309589210758027633e+01 5.310661326898500079e+01 5.195680318897950656e+01 5.215047439132496976e+01 5.300966677791016224e+01 5.207836226258159229e+01 5.248691094351862318e+01 5.219854634484892131e+01 5.176293674877687323e+01 5.265911475892287541e+01
5.184680704456522449e+01 5.308024436014193270e+01 5.261090811340851303e+01 5.276770070614524855e+01 5.188214740789453572e+01 5.182726345951228097e+01 5.266891806287031130e+01 5.193120981050885376e+01 5.308260511294626838e+01 5.201424817965278891e+01 5.304277513934557930e+01 5.305246581534342454e+01 5.200022722711786827e+01 5.217736970870653579e+01 5.296328422510865153e+01 5.211101478328428271e+01 5.248442570710340505e+01 5.222102889387971913e+01 5.182201061946294374e+01 5.264288060057447893e+01
5.189904078415670341e+01 5.302820834212362655e+01 5.259805106843759148e+01 5.274209728249486062e+01 5.193144434920975527e+01 5.188085528371641431e+01 5.265162812817546722e+01 5.197670250594388364e+01 5.302996133260242573e+01 5.205234346941028889e+01 5.299375767593799225e+01 5.300284855293602959e+01 5.203923316653397535e+01 5.220173244670580459e+01 5.292085179899562775e+01 5.214043941314308483e+01 5.248270676730273010e+01 5.224169811629477067e+01 5.187643685716757602e+01 5.262762303226806182e+01
5.194670922171195571e+01 5.298057530684647531e+01 5.258670577479257702e+01 5.271853700550624922e+01 5.197628823881065330e+01 5.193038401522122172e+01 5.263548302864223416e+01 5.201793130920262342e+01 5.298207543724265634e+01 5.208734459443437004e+01 5.294875406884010971e+01 5.295707190952817456e+01 5.207500512104269319e+01 5.222362788693776281e+01 5.288227708115181258e+01 5.216788083930856601e+01 5.248118385130118213e+01 5.226034292030075079e+01 5.192629095710103115e+01 5.261352416495434170e+01
5.199054704146558947e+01 5.293674683194609543e+01 5.257635543109124399e+01 5.269683715014600978e+01 5.201762518977520244e+01 5.197562684735748917e+01 5.262091373312511422e+01 5.205548933851426341e+01 5.293833278760578764e+01 5.211909307913759903e+01 5.290776345358784027e+01 5.291529599584622900e+01 5.210805063120204750e+01 5.224394465982423696e+01 5.284685776393738621e+01 5.219303354793795791e+01 5.247956174670198948e+01 5.227749043725032863e+01 5.197173115212542882e+01 5.260087108208890072e+01
5.203064859935870601e+01 5.289668973086257608e+01 5.256670852166046615e+01 5.267709138930165125e+01 5.205546752399774846e+01 5.201684891453803061e+01 5.260766028595251953e+01 5.209010838841610536e+01 5.289811045845851112e+01 5.214820448042640777e+01 5.287021781125609010e+01 5.287715268047217165e+01 5.213815964152487226e+01 5.226263079061399708e+01 5.281435526286793447e+01 5.221583208915998853e+01 5.247816030073984450e+01 5.229329224397513087e+01 5.201336182470741676e+01 5.258927855713243105e+01
5.206726502744939467e+01 5.286008776096377204e+01 5.255794254314500336e+01 5.265904468354553103e+01 5.208996852849267611e+01 5.205468006319607355e+01 5.259542004423700234e+01 5.212178415322030389e+01 5.286130479356226175e+01 5.217496228688121818e+01 5.283576150096590140e+01 5.284213757436472036e+01 5.216563813589915810e+01 5.227958995442775603e+01 5.278467837630116577e+01 5.223677431197740617e+01 5.247696394497546635e+01 5.230769287113070476e+01 5.205152727848713567e+01 5.257857569330249703e+01
5.210081888694020336e+01 5.282652511435659903e+01 5.254998351179077787e+01 5.264247194288375908e+01 5.212159047523999789e+01 5.208934842866116810e+01 5.258422731878685852e+01 5.215067429153668854e+01 5.282768127444228412e+01 5.219939392427377101e+01 5.280425824594854589e+01 5.281007184087211215e+01 5.219088131165987932e+01 5.229513222454141896e+01 5.275752111809421052e+01 5.225602078262458150e+01 5.247581283300050359e+01 5.232085817452676224e+01 5.208641534932782946e+01 5.256882681928755829e+01
5.213155372539746679e+01 5.279578969052710846e+01 5.254265542611530293e+01 5.262731442447257280e+01 5.215057642248890346e+01 5.212101850342200748e+01 5.257403167963838797e+01 5.217715983386280953e+01 5.279686890412212108e+01 5.222173173455104234e+01 5.277544363113113235e+01 5.278076407087737465e+01 5.221399059198542147e+01 5.230941943174936171e+01 5.273262630785259120e+01 5.227358131730751722e+01 5.247474950754833856e+01 5.233294773682352030e+01 5.211833485442171110e+01 5.255993356221419077e+01
5.215965932139459937e+01 5.276768218861598569e+01 5.253594064890796034e+01 5.261346281326763119e+01 5.217707236807650872e+01 5.215000913833635821e+01 5.256468065097148212e+01 5.220143248839091399e+01 5.276864368116794424e+01 5.224221524353560397e+01 5.274904164894547165e+01 5.275392427795840433e+01 5.223510271745713851e+01 5.232246968166028722e+01 5.270984768549023158e+01 5.228964443157663311e+01 5.247380985602796244e+01 5.234401053460829445e+01 5.214757384087911873e+01 5.255176644000861330e+01
5.218538384925766138e+01 5.274194761305334112e+01 5.252981978119620976e+01 5.260077280725410986e+01 5.220131828128927509e+01 5.217657006976892120e+01 5.255610907905068530e+01 5.222362065048955060e+01 5.274282753288046877e+01 5.226096314072422189e+01 5.272487247483832817e+01 5.272933930656782309e+01 5.225444112157935450e+01 5.233440036271977647e+01 5.268900953051473834e+01 5.230437822633572864e+01 5.247294583652260513e+01 5.235412350984613283e+01 5.217433341657893209e+01 5.254429058683326303e+01
5.220894172845407866e+01 5.271838011525125722e+01 5.252421395405470150e+01 5.258915277937596500e+01 5.222352855975495345e+01 5.220087098380336954e+01 5.254827762645461320e+01 5.224392764227813757e+01 5.271919685048157334e+01 5.227810874471696678e+01 5.270276025382299423e+01 5.270684537688159566e+01 5.227215551084880474e+01 5.234533974799968803e+01 5.266992674656753337e+01 5.231785969563233607e+01 5.247214438855378660e+01 5.236338836508966210e+01 5.219881760560990358e+01 5.253746184852496270e+01
5.223050097786897084e+01 5.269681295482983785e+01 5.251907470114532117e+01 5.257852400518787306e+01 5.224385453246357969e+01 5.222310677002077739e+01 5.254111069719039051e+01 5.226252906202199711e+01 5.269755636660502063e+01 5.229380930624174795e+01 5.268251593913954878e+01 5.268625829553791817e+01 5.228835967583084710e+01 5.235535371568558105e+01 5.265245680314653498e+01 5.233018919854944073e+01 5.247141822786131371e+01 5.237187306430747213e+01 5.222123310225327231e+01 5.253120788764249482e+01
5.225023106390018768e+01 5.267707352130392451e+01 5.251437616881689507e+01 5.256879502185394415e+01 5.226245313850530749e+01 5.224346715346521819e+01 5.253454457148463064e+01 5.227955176544287497e+01 5.267775034198626827e+01 5.230818524256304158e+01 5.266398127030374354e+01 5.266740775479789249e+01 5.230319020909099947e+01 5.236451215996294195e+01 5.263647022598755854e+01 5.234148161375792085e+01 5.247075683977863036e+01 5.237963533757228163e+01 5.224175295115998097e+01 5.252547952067649817e+01
5.226829372216927538e+01 5.265900128688785031e+01 5.251007784763805830e+01 5.255988690815387798e+01 5.227948096590907312e+01 5.226210422640298958e+01 5.252853642546979529e+01 5.229512867840726642e+01 5.265962377416704499e+01 5.232133985683914545e+01 5.264701831858691605e+01 5.265015335169660915e+01 5.231677060893769493e+01 5.237289826235898715e+01 5.262183633849414832e+01 5.235182076871303991e+01 5.247014793358513884e+01 5.238674076091638199e+01 5.226053251729905469e+01 5.252023975695785651e+01
5.228482766378260038e+01 5.264245885956091087e+01 5.250614072938800803e+01 5.255173428173183936e+01 5.229506853103404040e+01 5.227915995190799237e+01 5.252303919789906672e+01 5.230939021360664754e+01 5.264302904227183433e+01 5.233338053162999159e+01 5.263149182082339905e+01 5.263436170939772296e+01 5.232920026102913624e+01 5.238057709125576622e+01 5.260843941192978690e+01 5.236128105819614120e+01 5.246959103995996543e+01 5.239324680842985771e+01 5.227772209742291665e+01 5.251544451238635958e+01
5.229996028071643366e+01 5.262731810982430147e+01 5.250253726574265301e+01 5.254427279271331486e+01 5.230933421547892692e+01 5.229477267832713494e+01 5.251800590710934102e+01 5.232244519737520960e+01 5.262783844854666881e+01 5.234440397280071977e+01 5.261727809607190665e+01 5.261990563253774411e+01 5.234057574159051995e+01 5.238760382578720964e+01 5.259617743730864703e+01 5.236994080400697271e+01 5.246908310772478501e+01 5.239920148490089957e+01 5.229345760701995971e+01 5.251105366548125630e+01
5.231381208327510990e+01 5.261345836950093968e+01 5.249924021972664434e+01 5.253744218656615317e+01 5.232239235456552962e+01 5.230906476123573157e+01 5.251339843572436195e+01 5.233439320543119777e+01 5.261393492094784108e+01 5.235449365919583897e+01 5.260426779884060267e+01 5.260667260039774362e+01 5.235098941391393623e+01 5.239403543151105680e+01 5.258495392727137130e+01 5.237786906085710825e+01 5.246861762609012914e+01 5.240465154490664901e+01 5.230786046655281041e+01 5.250703493968558178e+01
5.232649176107212696e+01 5.260077139500617704e+01 5.249622185911727001e+01 5.253118979236460007e+01 5.233434590073794368e+01 5.232214603224849014e+01 5.250918188096980543e+01 5.234533000688657012e+01 5.260120807745477123e+01 5.236372852123854216e+01 5.259235937902906954e+01 5.259456042869676651e+01 5.236052193848924219e+01 5.239992366331600948e+01 5.257467995077998069e+01 5.238512552759409857e+01 5.246819116154223650e+01 5.240964081408818487e+01 5.232104359188851106e+01 5.250335713171231333e+01
5.233809765989023788e+01 5.258915877376824710e+01 5.249345872107382860e+01 5.252546711899638154e+01 5.234528707185965857e+01 5.233411966225430945e+01 5.250532218159253262e+01 5.235534160428281325e+01 5.258955808720249792e+01 5.237218211128599421e+01 5.258145869716845056e+01 5.258347356199944755e+01 5.236924681309498908e+01 5.240531322023332450e+01 5.256527568209924084e+01 5.239176728239829117e+01 5.246780132045978462e+01 5.241420782381262455e+01 5.233311098722225552e+01 5.249999035460547248e+01
5.234872090977378178e+01 5.257852920085201021e+01 5.249092988693890049e+01 5.252022880641998626e+01 5.235530174260928504e+01 5.234508007141167241e+01 5.250178893870254626e+01 5.236450528741356436e+01 5.257889453238769306e+01 5.237992018429899588e+01 5.257148063564124385e+01 5.257332488666875037e+01 5.237723313583516216e+01 5.241024616058943764e+01 5.255666775289687109e+01 5.239784724142209171e+01 5.246744455729805168e+01 5.241838797644541614e+01 5.234415682600325681e+01 5.249690847226788293e+01
5.235844501825655328e+01 5.256879923356900264e+01 5.248861518265298542e+01 5.251543381511892505e+01 5.236446886689427060e+01 5.235511252754248801e+01 5.249855498310640201e+01 5.237289304244276877e+01 5.256913376524681780e+01 5.238700292560436367e+01 5.256234741719289616e+01 5.256403541188434758e+01 5.238454364529313523e+01 5.241476174868734716e+01 5.254878842030489494e+01 5.240341254066998999e+01 5.246711779999102987e+01 5.242221433232640493e+01 5.235426738528821033e+01 5.249408771613305902e+01
5.236734589845224974e+01 5.255989297240348179e+01 5.248649627712109123e+01 5.251104484022194185e+01 5.237285994250608212e+01 5.236429549849070497e+01 5.249559487660712875e+01 5.238057093941979048e+01 5.256019910598819678e+01 5.239348611602613914e+01 5.255398733423350421e+01 5.255553240428085360e+01 5.239123515491942840e+01 5.241889515308877634e+01 5.254157601548240564e+01 5.240850650541457156e+01 5.246681877734312138e+01 5.242571686550422072e+01 5.236352205302067375e+01 5.249150574890664700e+01
5.237549318197056181e+01 5.255174070728426727e+01 5.248455679928112261e+01 5.250702743554731455e+01 5.238054053628907525e+01 5.237270116148336285e+01 5.249288525670770866e+01 5.238759884649279286e+01 5.255202078789594111e+01 5.239942056780080293e+01 5.254633487088575805e+01 5.254774910872923499e+01 5.239736011342368727e+01 5.242267851083123276e+01 5.253497422360715774e+01 5.241316930129377738e+01 5.246654514725359064e+01 5.242892283380884066e+01 5.237199330860226354e+01 5.248914227143243494e+01
5.238295078072380306e+01 5.254427849975296283e+01 5.248278156343010892e+01 5.250335006746706767e+01 5.238757095626159810e+01 5.238039527007522622e+01 5.249040501933668423e+01 5.239403170382370689e+01 5.254453484476194092e+01 5.240485257867986491e+01 5.253933023653182488e+01 5.254062466967263134e+01 5.240296663828901558e+01 5.242614159830269216e+01 5.252893129989021759e+01 5.241743743440672176e+01 5.246629462871713656e+01 5.243185738095588988e+01 5.237974737815983417e+01 5.248697890889103235e+01
5.238977706771522946e+01 5.253744797070189065e+01 5.248115656645013871e+01 5.249998400631380946e+01 5.239400624484773061e+01 5.238743796786803841e+01 5.248813478281946487e+01 5.239992001582420755e+01 5.253768257568037825e+01 5.240982471218983108e+01 5.253291858291788685e+01 5.253410337003943198e+01 5.240809853977825838e+01 5.242931156709290264e+01 5.252339989162021539e+01 5.242134419289666880e+01 5.246606530181522743e+01 5.243454353300208481e+01 5.238684500357214802e+01 5.248499870675223633e+01
5.239602544268800699e+01 5.253119568518862792e+01 5.247966911800056522e+01 5.249690290930642789e+01 5.239989671354362599e+01 5.239388445837698072e+01 5.248605670821385161e+01 5.240530987197090695e+01 5.253141034687441646e+01 5.241437595559871454e+01 5.252704966793680086e+01 5.252813410365397573e+01 5.241279595605787733e+01 5.243221315133362737e+01 5.251833673643414357e+01 5.242492020747184256e+01 5.246585541125899965e+01 5.243700227970740002e+01 5.239334179032958616e+01 5.248318610641153725e+01
5.240174485157092477e+01 5.252547266535300707e+01 5.247830760315475374e+01 5.249408262213049170e+01 5.240528850969255359e+01 5.239978523530758991e+01 5.248415453127476837e+01 5.241024341562145139e+01 5.252566909397211248e+01 5.241854190519642742e+01 5.252167756719125435e+01 5.252267013315962174e+01 5.241709571667021805e+01 5.243486908049810324e+01 5.251370219959373031e+01 5.242819351463866440e+01 5.246566327777114225e+01 5.243925286159035437e+01 5.239928857988549993e+01 5.248152694124725315e+01
5.240698008598859303e+01 5.252023410138831849e+01 5.247706133536549089e+01 5.249150107071237414e+01 5.241022387046956510e+01 5.240518646392864355e+01 5.248241338520357147e+01 5.241475929927922550e+01 5.252041385187764888e+01 5.242235516483502522e+01 5.251676023639856083e+01 5.251766870793499464e+01 5.242103148523448652e+01 5.243730018046295527e+01 5.250945997807628629e+01 5.243118970815076807e+01 5.246548739059942079e+01 5.244131291928940186e+01 5.240473192680786951e+01 5.248000823531783254e+01
5.241177211996108554e+01 5.251543899735102627e+01 5.247592055286625623e+01 5.248913805563633161e+01 5.241474141675825393e+01 5.241013043627143020e+01 5.248081962670746492e+01 5.241889289494129400e+01 5.251560346801829837e+01 5.242584561051334902e+01 5.251225916453965681e+01 5.251309066635520395e+01 5.242463405387042030e+01 5.243952546805618908e+01 5.250557686556169301e+01 5.243393224097815164e+01 5.246532639001397058e+01 5.244319857811359498e+01 5.240971446270950196e+01 5.247861808222387481e+01
5.241615847256410632e+01 5.251104981035350505e+01 5.247487633768013637e+01 5.248697507014954766e+01 5.241887651593093977e+01 5.241465587481712163e+01 5.247936077145963907e+01 5.242267654946697064e+01 5.251120029466112271e+01 5.242904056840765037e+01 5.250813911303637838e+01 5.250890015911672037e+01 5.242793163692066827e+01 5.244156235809535360e+01 5.250202246855616295e+01 5.243644260201529761e+01 5.246517901212311585e+01 5.244492459390997396e+01 5.241427519582511962e+01 5.247734559818057676e+01
5.242017349285244165e+01 5.250703217259841438e+01 5.247392051214951891e+01 5.248499517803044512e+01 5.242266155323837040e+01 5.241879820463823592e+01 5.247802540618884137e+01 5.242613988604569641e+01 5.250716986057148006e+01 5.243196504480910392e+01 5.250436783313266886e+01 5.250506438559360589e+01 5.243095005937840369e+01 5.244342680868818718e+01 5.249876895551569334e+01 5.243874044222751252e+01 5.246504409724228424e+01 5.244650448483270111e+01 5.241844982913522699e+01 5.247618082852254418e+01
5.242384861371898097e+01 5.250335463415983384e+01 5.247304558883154613e+01 5.248318288315651614e+01 5.242612616097862599e+01 5.242258985403107374e+01 5.247680307716716186e+01 5.242931002825078224e+01 5.250348060696744312e+01 5.243464194058705630e+01 5.250091579810942477e+01 5.250155331794681501e+01 5.243371294770627600e+01 5.244513341741428292e+01 5.249579085407794565e+01 5.244084374659797732e+01 5.246492059358317306e+01 5.244795062264572039e+01 5.242227105040056045e+01 5.247511465233612427e+01
5.242721260733455324e+01 5.249998840561441682e+01 5.247224472148440810e+01 5.248152399737129770e+01 5.242929746173791727e+01 5.242606051368119324e+01 5.247568421193943777e+01 5.243221179414587141e+01 5.250010365314641092e+01 5.243709221674221510e+01 5.249775598061705750e+01 5.249833946551326136e+01 5.243624193311220694e+01 5.244669554198087980e+01 5.249306485188149907e+01 5.244276898680126919e+01 5.246480753632207694e+01 5.244927432762865038e+01 5.242576877881028707e+01 5.247413872083745900e+01
5.243029181368586222e+01 5.249690713152455146e+01 5.247151164183828342e+01 5.248000553228968101e+01 5.243220028740629601e+01 5.242923735707645960e+01 5.247466005273442136e+01 5.243486790062178216e+01 5.249701256332619437e+01 5.243933505526671723e+01 5.249486364476600642e+01 5.249539766817765951e+01 5.243855681929314017e+01 5.244812541506191650e+01 5.249056960735424582e+01 5.244453123793613258e+01 5.246470403894244328e+01 5.245048596421946741e+01 5.242897039801640346e+01 5.247324539604969118e+01
5.243311034155530592e+01 5.249408668942517409e+01 5.247084060971723574e+01 5.247861560127060443e+01 5.243485736629720861e+01 5.243214525531097081e+01 5.247372258329180994e+01 5.243729914564323735e+01 5.249418313669021074e+01 5.244138801649906156e+01 5.249221614745051312e+01 5.249270489657127570e+01 5.244067573004712557e+01 5.244943423356449586e+01 5.248828558493429597e+01 5.244614429572888525e+01 5.246460929219311708e+01 5.245159502045675026e+01 5.243190097505740965e+01 5.247242768521795142e+01
5.243569025774468173e+01 5.249150499957716676e+01 5.247022637256050359e+01 5.247734332375200239e+01 5.243728950081552398e+01 5.243480697636069721e+01 5.247286446407148475e+01 5.243952456511679117e+01 5.249159322210506673e+01 5.244326717544102223e+01 5.248979276127918325e+01 5.249024006904839723e+01 5.244261525454497530e+01 5.245063224412091074e+01 5.248619490423303091e+01 5.244762079017215228e+01 5.246452255607640325e+01 5.245261017978011608e+01 5.243458345553764843e+01 5.247167918633757466e+01
5.243805176197820828e+01 5.248914185029243384e+01 5.246966412301847527e+01 5.247617873938109767e+01 5.243951573362841145e+01 5.243724336081500326e+01 5.247207897751722783e+01 5.244156158215442076e+01 5.248922254452179459e+01 5.244498724488511243e+01 5.248757451443372446e+01 5.248798388886716992e+01 5.244439057924721226e+01 5.245172882692578753e+01 5.248428119828490424e+01 5.244897228272927237e+01 5.246444315204797704e+01 5.245353939063482329e+01 5.243703884169353557e+01 5.247099404044083570e+01
5.244021334408314772e+01 5.248697874096788496e+01 5.246914945980263667e+01 5.247511273140668209e+01 5.244155349569410163e+01 5.243947348396615382e+01 5.247135997535906426e+01 5.244342614601394814e+01 5.248705254448475443e+01 5.244656169209117991e+01 5.248554404128914541e+01 5.248591869351757566e+01 5.244601560458855261e+01 5.245273256881563384e+01 5.248252948512133997e+01 5.245020935498080661e+01 5.246437045914038322e+01 5.245438992919304866e+01 5.243928635787473524e+01 5.247036688472279309e+01
5.244219192816767361e+01 5.248499873758787970e+01 5.246867835431748261e+01 5.247413695510054765e+01 5.244341874167203343e+01 5.244151480665184550e+01 5.247070182931237525e+01 5.244513285596018193e+01 5.248506623354495559e+01 5.244800284487960340e+01 5.248368544583247797e+01 5.248402831532689561e+01 5.244750305370945398e+01 5.245365132903684469e+01 5.248092605135195754e+01 5.245134169286980352e+01 5.246430390945015176e+01 5.245516845542525175e+01 5.244134360137640272e+01 5.246979280984937333e+01
5.244400300575909313e+01 5.248318633947179279e+01 5.246824711938047869e+01 5.247324377189130473e+01 5.244512607568339035e+01 5.244338331189568692e+01 5.247009938747114433e+01 5.244669507482083759e+01 5.248324806177352286e+01 5.244932198725878436e+01 5.248198417781070191e+01 5.248229795511018381e+01 5.244886457307016059e+01 5.245449230145429453e+01 5.247945834461285841e+01 5.245237816284487309e+01 5.246424298292840405e+01 5.245588106534251693e+01 5.244322667964121365e+01 5.246926732220596534e+01
5.244566075711808395e+01 5.248152735801330238e+01 5.246785237977692873e+01 5.247242618983734275e+01 5.244668886581027323e+01 5.244509362941096242e+01 5.246954793431362418e+01 5.244812503431604966e+01 5.248158379552442199e+01 5.245052944780056237e+01 5.248042691887593492e+01 5.248071406671488859e+01 5.245011082331379981e+01 5.245526207126521001e+01 5.247811487497745020e+01 5.245332688054901382e+01 5.246418720342452957e+01 5.245653333907435467e+01 5.244495033643529780e+01 5.246878630877332483e+01
5.244717816197103843e+01 5.248000880586030803e+01 5.246749104592387880e+01 5.247167780901770584e+01 5.244811934832863187e+01 5.244665915039556836e+01 5.246904315345773284e+01 5.244943393089349115e+01 5.248006040595215183e+01 5.245163468088104253e+01 5.247900147803248672e+01 5.247926425072225243e+01 5.245125156240544584e+01 5.245596666611569958e+01 5.247688512519648896e+01 5.245419527448174790e+01 5.246413613524633490e+01 5.245713038438301368e+01 5.244652806750701757e+01 5.246834600460204001e+01
5.244856710122222410e+01 5.247861879510102057e+01 5.246716028989875014e+01 5.247099277125590788e+01 5.244942872359244035e+01 5.244809213255866354e+01 5.246858109383330770e+01 5.245063201305099199e+01 5.247866596724271915e+01 5.245264634055034492e+01 5.247769669626826783e+01 5.247793715728151653e+01 5.245229572228443260e+01 5.245661160327698269e+01 5.247575946842529504e+01 5.245499014443041119e+01 5.246408937959182595e+01 5.245767687655929024e+01 5.244797222613730980e+01 5.246794296342487485e+01
5.244983845006458978e+01 5.247734644412640392e+01 5.246685752317985418e+01 5.247036571425776685e+01 5.245062724388051123e+01 5.244940379591029966e+01 5.246815813890204083e+01 5.245172866166355163e+01 5.247738956318200820e+01 5.245357234817475955e+01 5.247650235928670526e+01 5.247672239739095801e+01 5.245325147884368278e+01 5.245720193303761647e+01 5.247472909274396358e+01 5.245571771455340837e+01 5.246404657135510519e+01 5.245817709513400473e+01 5.244929411979643419e+01 5.246757403078348148e+01
5.245100216304987839e+01 5.247618179252037862e+01 5.246658037632650462e+01 5.246979172970200977e+01 5.245172429356992438e+01 5.245060441058819833e+01 5.246777097830185710e+01 5.245273246354234686e+01 5.247622120161217651e+01 5.245441995455966122e+01 5.247540911747017134e+01 5.247561046155073683e+01 5.245412631580966689e+01 5.245774227817791058e+01 5.247378593217774068e+01 5.245638368204494384e+01 5.246400737636091804e+01 5.245863495738413462e+01 5.245050409874187380e+01 5.246723631925275555e+01
5.245206735201003312e+01 5.247511572307793415e+01 5.246632668049888082e+01 5.246926632478460562e+01 5.245272846257246613e+01 5.245170337734823818e+01 5.246741658187652746e+01 5.245365127858146082e+01 5.247515173625863838e+01 5.245519579672769339e+01 5.247440841266300993e+01 5.247459264525489431e+01 5.245492708335842735e+01 5.245823687009897185e+01 5.247292260359222382e+01 5.245699326182906219e+01 5.246397148874529393e+01 5.245905404895324864e+01 5.245161163705303409e+01 5.246692718581487469e+01
5.245304235743242316e+01 5.247413989038963678e+01 5.246609445047536724e+01 5.246878538702172534e+01 5.245364761363985906e+01 5.245270930114146779e+01 5.246709217598878894e+01 5.245449230127287166e+01 5.247417279513756938e+01 5.245590594983071497e+01 5.247349241120490149e+01 5.247366098086812514e+01 5.245566005179438207e+01 5.245868958200165366e+01 5.247213234886948641e+01 5.245755122738368925e+01 5.246393862852048073e+01 5.245943765194044062e+01 5.245262540677448015e+01 5.246664421120787836e+01
5.245393481375157307e+01 5.247324665551782630e+01 5.246588186907948170e+01 5.246834515207238780e+01 5.245448894391859795e+01 5.245363005845505455e+01 5.246679522181486277e+01 5.245526211707600339e+01 5.247327671498078416e+01 5.245655597472627818e+01 5.247265394259510884e+01 5.247280817526234387e+01 5.245633096061324352e+01 5.245910395921962532e+01 5.247140898198578896e+01 5.245806194807468614e+01 5.246390853939821142e+01 5.245978877061121892e+01 5.245355334582127682e+01 5.246638518097836368e+01
5.245475170910642504e+01 5.247242902620153160e+01 5.246568727296460111e+01 5.246794217426934637e+01 5.245525904127534034e+01 5.245447285899867040e+01 5.246652339544795041e+01 5.245596675397008823e+01 5.247245648124356165e+01 5.245715096153139001e+01 5.247188644333989060e+01 5.247202755270114238e+01 5.245694506342631769e+01 5.245948324695041265e+01 5.247074684059366945e+01 5.245852942337962332e+01 5.246388098679501155e+01 5.246011015490547891e+01 5.245440272013576077e+01 5.246614806812831233e+01
5.245549944005954046e+01 5.247168060210349694e+01 5.246550913960035700e+01 5.246757329963286054e+01 5.245596393588380124e+01 5.245524430215550638e+01 5.246627456970664838e+01 5.245661172963139052e+01 5.247170567319844281e+01 5.245769556946165579e+01 5.247118390557333356e+01 5.247131300257367315e+01 5.245750716910803391e+01 5.245983041566762495e+01 5.247014074169136677e+01 5.245895731421121155e+01 5.246385575598438322e+01 5.246040432196502223e+01 5.245518018056546339e+01 5.246593101725378006e+01
5.245618386167977576e+01 5.247099552469987316e+01 5.246534607534400152e+01 5.246723564118003935e+01 5.245660914744205172e+01 5.245595042863901369e+01 5.246604679748861599e+01 5.245720209464050754e+01 5.247101841366061592e+01 5.245819406330571155e+01 5.247054083002454661e+01 5.247065893156172223e+01 5.245802167944405170e+01 5.246014818438649741e+01 5.246958594103838180e+01 5.245934897156819687e+01 5.246383265041433930e+01 5.246067357584688295e+01 5.245589181493219399e+01 5.246573233002259684e+01
5.245681033337769605e+01 5.247036843141786733e+01 5.246519680452843204e+01 5.246692655632566016e+01 5.245719972838046630e+01 5.245659676778802805e+01 5.246583829652242059e+01 5.245774247202815843e+01 5.247038932297182612e+01 5.245865034682117312e+01 5.246995218295880647e+01 5.247006021984654467e+01 5.245849262358672149e+01 5.246043904194578289e+01 5.246907809601411543e+01 5.245970746276987029e+01 5.246381149017388879e+01 5.246092002556061828e+01 5.245654319569847956e+01 5.246555045187267297e+01
5.245738376086549692e+01 5.246979441365036223e+01 5.246506015947883839e+01 5.246664362619073074e+01 5.245774030341750915e+01 5.245718838086087032e+01 5.246564743541200926e+01 5.245823709346417729e+01 5.246981347688603137e+01 5.245906799329679870e+01 5.246941335676783780e+01 5.246951218102266523e+01 5.245892368960277707e+01 5.246070526649100429e+01 5.246861323162094948e+01 5.246003559547545336e+01 5.246379211058304293e+01 5.246114560157772644e+01 5.245713942359419235e+01 5.246538395984128300e+01
5.245790863456633701e+01 5.246926897832421588e+01 5.246493507136970891e+01 5.246638463666410956e+01 5.245823510577024251e+01 5.245772990065833596e+01 5.246547272086663583e+01 5.245868983238794669e+01 5.246928636801682444e+01 5.245945027352563983e+01 5.246892013389821585e+01 5.246901052540937371e+01 5.245931825334950815e+01 5.246094894331368153e+01 5.246818770936188514e+01 5.246033593966429720e+01 5.246377436090163116e+01 5.246135207094701514e+01 5.245768516754941402e+01 5.246523155142664052e+01
5.245838906476962649e+01 5.246878801272445969e+01 5.246482056185546838e+01 5.246614756106914967e+01 5.245868801029580197e+01 5.245822556779360468e+01 5.246531278600973280e+01 5.245910423433633696e+01 5.246880387054696371e+01 5.245980018141387546e+01 5.246846865383089664e+01 5.246855132646666675e+01 5.245967940490287873e+01 5.246117198117697455e+01 5.246779819875402495e+01 5.246061084775475791e+01 5.246375810315043964e+01 5.246154105112947974e+01 5.245818470124902433e+01 5.246509203438962032e+01
5.245882881381046303e+01 5.246834775229570624e+01 5.246471573541186473e+01 5.246593054429644809e+01 5.245910256382720149e+01 5.245867926389377089e+01 5.246516637967631880e+01 5.245948354470127128e+01 5.246836220792741301e+01 5.246012045742107688e+01 5.246805538285608606e+01 5.246813099005290582e+01 5.246000997274995115e+01 5.246137612725839006e+01 5.246744165125456050e+01 5.246086247302289962e+01 5.246374321103127158e+01 5.246171402266077166e+01 5.245864193659220120e+01 5.246496431741883271e+01
5.245923132552604784e+01 5.246794475116834633e+01 5.246461977232500828e+01 5.246573188827943568e+01 5.245948201294271485e+01 5.245909454198960731e+01 5.246503235661790399e+01 5.245983073413766107e+01 5.246795792331074892e+01 5.246041361001481818e+01 5.246767708640798844e+01 5.246774622628595353e+01 5.246031254593443549e+01 5.246156298082914304e+01 5.246711527639324402e+01 5.246109278646103036e+01 5.246372956893739570e+01 5.246187234074267280e+01 5.245906045431871689e+01 5.246484740158729210e+01
5.245959975221792604e+01 5.246757585518050604e+01 5.246453192227320983e+01 5.246555003870025047e+01 5.245982932938385801e+01 5.245947465433215484e+01 5.246490966853649951e+01 5.246014852182163679e+01 5.246758785248664481e+01 5.246068193530981461e+01 5.246733080374102798e+01 5.246739402378673844e+01 5.246058949432632090e+01 5.246173400577556833e+01 5.246681651992506090e+01 5.246130359220818207e+01 5.246371707104862736e+01 5.246201724585337445e+01 5.245944353204306765e+01 5.246474037253170053e+01
5.245993697933149491e+01 5.246723817718393690e+01 5.246445149845268219e+01 5.246538357282092591e+01 5.246014723332118024e+01 5.245982257785520630e+01 5.246479735587705306e+01 5.246043939673946710e+01 5.246724909910879830e+01 5.246092753504483852e+01 5.246701382474946485e+01 5.246707162610245234e+01 5.246084298717563144e+01 5.246189054205951408e+01 5.246654304383295653e+01 5.246149654167508913e+01 5.246370562050303477e+01 5.246214987345921088e+01 5.245979416991549726e+01 5.246464239329345958e+01
5.246024564804665147e+01 5.246692907444001719e+01 5.246437787220068572e+01 5.246523118834440425e+01 5.246043821465094226e+01 5.246014103748230895e+01 5.246469454031495161e+01 5.246070563717375279e+01 5.246693901201928156e+01 5.246115233303735437e+01 5.246672366874980042e+01 5.246677651012595334e+01 5.246107501009593221e+01 5.246203381620917128e+01 5.246629270802324640e+01 5.246167314647350821e+01 5.246369512863849138e+01 5.246227126290430931e+01 5.246011511411050776e+01 5.246455269776613761e+01
5.246052817595595741e+01 5.246664612792940829e+01 5.246431046807352061e+01 5.246509169321870303e+01 5.246070455248892017e+01 5.246043252746032692e+01 5.246460041787960193e+01 5.246094932854057902e+01 5.246665516449220235e+01 5.246135809024526253e+01 5.246645806505918586e+01 5.246650636634211651e+01 5.246128738061008789e+01 5.246216495092185284e+01 5.246606355357045004e+01 5.246183479025069119e+01 5.246368551429842597e+01 5.246238236554779633e+01 5.246040887832694466e+01 5.246447058469762936e+01
5.246078677599227547e+01 5.246638712341325572e+01 5.246424875934123833e+01 5.246496399630424889e+01 5.246094833301380334e+01 5.246069933088726600e+01 5.246451425266006652e+01 5.246117237971652969e+01 5.246639533523456578e+01 5.246154641855373058e+01 5.246621493521796253e+01 5.246625908074626921e+01 5.246148176237971228e+01 5.246228497385368428e+01 5.246585378738064520e+01 5.246198273952209945e+01 5.246367670319658316e+01 5.246248405221215450e+01 5.246067776346813361e+01 5.246439541219982772e+01
5.246102347375403241e+01 5.246615003409769429e+01 5.246419226386390733e+01 5.246484709883118569e+01 5.246117146580019863e+01 5.246094353758697793e+01 5.246443537104343591e+01 5.246137653798348310e+01 5.246615749099545667e+01 5.246171879339485145e+01 5.246599237671709659e+01 5.246603271829347648e+01 5.246165967823018406e+01 5.246239482566519996e+01 5.246566176815306903e+01 5.246211815358714858e+01 5.246366862733536607e+01 5.246257712000093676e+01 5.246092387565593640e+01 5.246432659272325338e+01
5.246124012336397868e+01 5.246593300476573063e+01 5.246414054031683349e+01 5.246474008657984456e+01 5.246137569876889728e+01 5.246116706047064326e+01 5.246436315644105264e+01 5.246156340270830754e+01 5.246593977064751613e+01 5.246187656529898646e+01 5.246578864810319942e+01 5.246582550774871834e+01 5.246182252207312757e+01 5.246249536738594088e+01 5.246548599353026532e+01 5.246224209360556046e+01 5.246366122447344793e+01 5.246266229853942065e+01 5.246114914271986152e+01 5.246426358845702964e+01
5.246143842198532070e+01 5.246573433725256308e+01 5.246409318473537553e+01 5.246464212272326222e+01 5.246156263187163660e+01 5.246137165051320750e+01 5.246429704446116205e+01 5.246173443786449297e+01 5.246574047061587009e+01 5.246202097046821677e+01 5.246560215534451999e+01 5.246563582781976010e+01 5.246197156981951082e+01 5.246258738715554415e+01 5.246532508833582398e+01 5.246235553090525627e+01 5.246365443763851033e+01 5.246274025568693133e+01 5.246135532929022816e+01 5.246420590711832688e+01
5.246161992310900501e+01 5.246555247715043890e+01 5.246404982735226952e+01 5.246455244127546536e+01 5.246173372961726500e+01 5.246155891046194597e+01 5.246423651849028147e+01 5.246189098349383784e+01 5.246555803154069508e+01 5.246215314045476674e+01 5.246543143935097930e+01 5.246546219446375403e+01 5.246210798936886732e+01 5.246267160639423821e+01 5.246517779380799595e+01 5.246245935458699705e+01 5.246364821468118578e+01 5.246281160276560485e+01 5.246154405061374604e+01 5.246415309809820826e+01
5.246178604871619910e+01 5.246538600163894017e+01 5.246401012970262911e+01 5.246447034109456808e+01 5.246189033253758538e+01 5.246173030738463439e+01 5.246418110564844994e+01 5.246203426619777588e+01 5.246539102606874394e+01 5.246227411101999394e+01 5.246527516455084594e+01 5.246530324926857247e+01 5.246223284975295797e+01 5.246274868545084757e+01 5.246504295774469995e+01 5.246255437848537184e+01 5.246364250786677985e+01 5.246287689934649734e+01 5.246171678519949211e+01 5.246410474893370690e+01
5.246193810041121708e+01 5.246523360834561345e+01 5.246397378197411143e+01 5.246439518039336747e+01 5.246203366768256160e+01 5.246188718415537267e+01 5.246413037308705896e+01 5.246216540874058154e+01 5.246523814767841998e+01 5.246238483024362154e+01 5.246513210843433228e+01 5.246515774881755334e+01 5.246234712950536760e+01 5.246281922877283677e+01 5.246491952548277027e+01 5.246264134754024155e+01 5.246363727350156836e+01 5.246293665763055003e+01 5.246187488639430541e+01 5.246406048207867201e+01
5.246207726961188911e+01 5.246509410514947547e+01 5.246394050058134439e+01 5.246432637171474767e+01 5.246216485822703390e+01 5.246203076996815184e+01 5.246408392460004677e+01 5.246228543883966466e+01 5.246509820045086059e+01 5.246248616594627379e+01 5.246500115198239911e+01 5.246502455495465966e+01 5.246245172432254833e+01 5.246288378963853205e+01 5.246480653164083918e+01 5.246272094362915794e+01 5.246363247159065679e+01 5.246299134645865792e+01 5.246201959297832218e+01 5.246401995194787560e+01
5.246220464687736751e+01 5.246496640084777141e+01 5.246391002594566544e+01 5.246426337733239365e+01 5.246228493226423950e+01 5.246216218996030989e+01 5.246404139752188200e+01 5.246239529721167827e+01 5.246497008970691667e+01 5.246257891248377092e+01 5.246488127090587028e+01 5.246490262587373365e+01 5.246254745407637898e+01 5.246294287448887417e+01 5.246470309256129383e+01 5.246279379090571382e+01 5.246362806552491520e+01 5.246304139498229091e+01 5.246215203886356448e+01 5.246398284221133679e+01
5.246232123044622142e+01 5.246484949661282116e+01 5.246388212046289823e+01 5.246420570504084679e+01 5.246239483085483357e+01 5.246228247402144973e+01 5.246400245988826327e+01 5.246249584493754980e+01 5.246485281343682061e+01 5.246266379696628235e+01 5.246477152762606977e+01 5.246479100796199191e+01 5.246263506923298792e+01 5.246299694689236048e+01 5.246460839939197029e+01 5.246286046068622255e+01 5.246362402179432394e+01 5.246308719602340176e+01 5.246227326197148955e+01 5.246394886331782459e+01
5.246242793405176741e+01 5.246474247817201331e+01 5.246385656664307362e+01 5.246415290430198297e+01 5.246249541539459216e+01 5.246239256485653613e+01 5.246396680783712441e+01 5.246258787020391878e+01 5.246474545445528292e+01 5.246274148495093925e+01 5.246467106393443203e+01 5.246468882833417524e+01 5.246271525672830904e+01 5.246304643117440492e+01 5.246452171175354096e+01 5.246292147592256327e+01 5.246362030972564838e+01 5.246312910914983973e+01 5.246238421235896965e+01 5.246391775022789261e+01
5.246252559407585636e+01 5.246464450864991136e+01 5.246383316540770636e+01 5.246410456271770784e+01 5.246258747435841485e+01 5.246249332536646648e+01 5.246393416322959524e+01 5.246267209447405122e+01 5.246464717322069049e+01 5.246281258565255712e+01 5.246457909427348909e+01 5.246459528799851313e+01 5.246278864534615849e+01 5.246309171573942365e+01 5.246444235194303474e+01 5.246297731529648445e+01 5.246361690124226129e+01 5.246316746349049254e+01 5.246248575965643823e+01 5.246388926033878874e+01
5.246261497609695823e+01 5.246455482201621123e+01 5.246381173453116276e+01 5.246406030280118671e+01 5.246267172947334956e+01 5.246258554540380459e+01 5.246390427147252922e+01 5.246274917813617122e+01 5.246455720126230915e+01 5.246287765671328174e+01 5.246449489958664003e+01 5.246450965560137547e+01 5.246285581064105941e+01 5.246313315611173067e+01 5.246436969962796582e+01 5.246302841696723362e+01 5.246361377064432929e+01 5.246320256031203400e+01 5.246257869987634592e+01 5.246386317158516732e+01
5.246269678088403055e+01 5.246447271708842663e+01 5.246379210721399033e+01 5.246401977902151259e+01 5.246274884136911965e+01 5.246266994795669802e+01 5.246387689952516098e+01 5.246281972567378915e+01 5.246447483516381993e+01 5.246293720856841958e+01 5.246441782168851375e+01 5.246443126170137816e+01 5.246291727944434768e+01 5.246317107771892552e+01 5.246430318698968165e+01 5.246307518200198672e+01 5.246361089440766534e+01 5.246323467537762752e+01 5.246266376164520295e+01 5.246383928070046920e+01
5.246277164988283914e+01 5.246439755204216482e+01 5.246377413077708951e+01 5.246398267509846391e+01 5.246281941475029953e+01 5.246274719480916104e+01 5.246385183407463160e+01 5.246288429039823598e+01 5.246439943105610837e+01 5.246299170844272197e+01 5.246434725811201361e+01 5.246435949352830619e+01 5.246297353398880148e+01 5.246320577843979294e+01 5.246424229427785946e+01 5.246311797751580741e+01 5.246360825099947078e+01 5.246326406110586760e+01 5.246274161190814311e+01 5.246381740162551921e+01
5.246284017023802448e+01 5.246432873938632468e+01 5.246375766546623254e+01 5.246394870152630574e+01 5.246288400313054012e+01 5.246281789172233800e+01 5.246382887986599997e+01 5.246294337878067893e+01 5.246433039957638300e+01 5.246304158400830886e+01 5.246428265739151442e+01 5.246429379018555750e+01 5.246302501568409582e+01 5.246323753093633968e+01 5.246418654574129903e+01 5.246315713954591331e+01 5.246360582070980882e+01 5.246329094854701935e+01 5.246281286115048204e+01 5.246379736405192773e+01
5.246290287938984420e+01 5.246426574136342680e+01 5.246374258335803376e+01 5.246391759330724369e+01 5.246294311316619030e+01 5.246288259317707769e+01 5.246380785817342485e+01 5.246299745441724838e+01 5.246426720125401744e+01 5.246308722673303748e+01 5.246422351474532775e+01 5.246423363825888231e+01 5.246307212857264801e+01 5.246326658478858462e+01 5.246413550590321506e+01 5.246319297568248885e+01 5.246360358549727465e+01 5.246331554919194673e+01 5.246287806817731081e+01 5.246377901208856542e+01
5.246296026928193612e+01 5.246420806573952689e+01 5.246372876735840407e+01 5.246388910787666759e+01 5.246299720862293725e+01 5.246294180671498708e+01 5.246378860540102096e+01 5.246304694165868909e+01 5.246420934228684985e+01 5.246312899494525794e+01 5.246416936812374132e+01 5.246417856779680022e+01 5.246311524249295388e+01 5.246329316844848734e+01 5.246408877615179023e+01 5.246322576747688515e+01 5.246360152884773242e+01 5.246333805662789729e+01 5.246293774448842839e+01 5.246376220304119187e+01
5.246301279021275832e+01 5.246415526195040968e+01 5.246371611028572346e+01 5.246386302320414075e+01 5.246304671400670117e+01 5.246299599691207050e+01 5.246377097180203464e+01 5.246309222893256674e+01 5.246415637067528337e+01 5.246316721663930593e+01 5.246411979459154651e+01 5.246412814863121810e+01 5.246315469597504944e+01 5.246331749102857600e+01 5.246404599161948568e+01 5.246325577264589413e+01 5.246359963564503914e+01 5.246335864805409699e+01 5.246299235828297469e+01 5.246374680629528342e+01
5.246306085436103928e+01 5.246410691757408529e+01 5.246370451403178947e+01 5.246383913605505711e+01 5.246309201788707810e+01 5.246304558901597659e+01 5.246375482030638437e+01 5.246313367178441922e+01 5.246410787268339959e+01 5.246320219204336155e+01 5.246407440701687364e+01 5.246408198700969194e+01 5.246319079889093473e+01 5.246333974393907340e+01 5.246400681832633239e+01 5.246328322708945535e+01 5.246359789205272506e+01 5.246337748566911330e+01 5.246304233812495710e+01 5.246373270229337749e+01
5.246310483901280008e+01 5.246406265510189115e+01 5.246369388879369922e+01 5.246381726039950877e+01 5.246313347593961396e+01 5.246309097227526763e+01 5.246374002544757786e+01 5.246317159566125810e+01 5.246406346959987843e+01 5.246323419596998150e+01 5.246403285104020142e+01 5.246403972251261649e+01 5.246322383488060126e+01 5.246336010238651681e+01 5.246397095056524762e+01 5.246330834673759114e+01 5.246359628540562170e+01 5.246339471794067322e+01 5.246308807629863225e+01 5.246371978159907457e+01
5.246314508951514455e+01 5.246402212898289008e+01 5.246368415237073179e+01 5.246379722595581541e+01 5.246317141373032200e+01 5.246313250298694442e+01 5.246372647238041509e+01 5.246320629845963879e+01 5.246402281477291041e+01 5.246326347996763673e+01 5.246399480230011392e+01 5.246400102523143971e+01 5.246325406357269827e+01 5.246337872674543235e+01 5.246393810850857875e+01 5.246333132924085874e+01 5.246359480411071274e+01 5.246341048076808278e+01 5.246312993187963514e+01 5.246370794404023030e+01
5.246318192198005192e+01 5.246398502291853561e+01 5.246367522952082396e+01 5.246377887685740404e+01 5.246320612926470517e+01 5.246317050728589493e+01 5.246371405598182491e+01 5.246323805285783237e+01 5.246398559089627156e+01 5.246329027429014502e+01 5.246395996389379945e+01 5.246396559318586128e+01 5.246328172261714684e+01 5.246339576381395631e+01 5.246390803601728692e+01 5.246335235551786980e+01 5.246359343755639770e+01 5.246342489854617952e+01 5.246316823354631254e+01 5.246369709792473657e+01
5.246321562575925412e+01 5.246395104738635951e+01 5.246366705137148756e+01 5.246376207043245188e+01 5.246323789532073789e+01 5.246320528369829361e+01 5.246370268002789317e+01 5.246326710845072938e+01 5.246395150752513814e+01 5.246331478969934636e+01 5.246392806405253140e+01 5.246393314995948742e+01 5.246330702954580261e+01 5.246341134796311678e+01 5.246388049863563197e+01 5.246337159117167914e+01 5.246359217602937974e+01 5.246343808513921658e+01 5.246320328215296058e+01 5.246368715932261750e+01
5.246324646570958805e+01 5.246391993737319126e+01 5.246365955488057864e+01 5.246374667608697706e+01 5.246326696158460123e+01 5.246323710547875407e+01 5.246369225644043865e+01 5.246329369370393891e+01 5.246392029880203722e+01 5.246333721911512527e+01 5.246389885401401898e+01 5.246390344253576643e+01 5.246333018347549171e+01 5.246342560218884898e+01 5.246385528175556345e+01 5.246338918778631921e+01 5.246359101063865182e+01 5.246345014477239488e+01 5.246323535308526687e+01 5.246367805140889118e+01
5.246327468426660801e+01 5.246389145030038748e+01 5.246365268234274026e+01 5.246373257428228953e+01 5.246329355660542149e+01 5.246326622274974483e+01 5.246368270459750249e+01 5.246331801774244497e+01 5.246389172137554624e+01 5.246335773912591804e+01 5.246387210607475993e+01 5.246387623931712341e+01 5.246335136666693444e+01 5.246343863907495120e+01 5.246383218893653577e+01 5.246340528411358406e+01 5.246358993324584219e+01 5.246346117284773669e+01 5.246326469841628182e+01 5.246366970386218043e+01
5.246330050334267980e+01 5.246386536412465773e+01 5.246364638093763944e+01 5.246371965559919204e+01 5.246331788958468678e+01 5.246329286445970297e+01 5.246367395070213036e+01 5.246334027198790295e+01 5.246386555249495842e+01 5.246337651137113767e+01 5.246384761180736689e+01 5.246385132831171916e+01 5.246337074595167849e+01 5.246345056167452015e+01 5.246381104036755261e+01 5.246342000715932841e+01 5.246358893640155685e+01 5.246347125669110056e+01 5.246329154888002222e+01 5.246366205231412039e+01
5.246332412606426487e+01 5.246384147559962230e+01 5.246364060231640281e+01 5.246370781988132137e+01 5.246334015201401257e+01 5.246331724017566955e+01 5.246366592720458044e+01 5.246336063165729513e+01 5.246384158826637645e+01 5.246339368380673562e+01 5.246382518042870657e+01 5.246382851547374315e+01 5.246338847403828254e+01 5.246346146431675095e+01 5.246379167145938283e+01 5.246343347317779404e+01 5.246358801328700849e+01 5.246348047623583710e+01 5.246331611567783426e+01 5.246365503784541318e+01
5.246334573836233517e+01 5.246381959868460143e+01 5.246363530222311056e+01 5.246369697545094368e+01 5.246336051917447918e+01 5.246333954172385461e+01 5.246365857227351626e+01 5.246337925713471861e+01 5.246381964205645687e+01 5.246340939186356422e+01 5.246380463730628207e+01 5.246380762318418078e+01 5.246340469070783286e+01 5.246347143334546814e+01 5.246377393155601965e+01 5.246344578858179375e+01 5.246358715766066894e+01 5.246348890464858528e+01 5.246333859213196149e+01 5.246364860652448669e+01
