1.195457298308610916e-02 2.698863670229911804e-02 1.103863492608070374e-02 0.000000000000000000e+00 0.000000000000000000e+00 0.000000000000000000e+00 0.000000000000000000e+00 0.000000000000000000e+00 0.000000000000000000e+00 0.000000000000000000e+00 0.000000000000000000e+00 0.000000000000000000e+00 3.154574194923043251e-03 0.000000000000000000e+00 9.398496476933360100e-04 1.235330477356910706e-03 1.262738183140754700e-02 1.259609758853912354e-01 2.417015843093395233e-03 8.693860471248626709e-02 1.421761065721511841e-01 3.618599730543792248e-04 5.770239513367414474e-03 2.944785170257091522e-03
5.977286491543054581e-04 2.035984769463539124e-02 2.107375860214233398e-02 0.000000000000000000e+00 0.000000000000000000e+00 0.000000000000000000e+00 0.000000000000000000e+00 0.000000000000000000e+00 0.000000000000000000e+00 0.000000000000000000e+00 0.000000000000000000e+00 0.000000000000000000e+00 2.365930704399943352e-03 2.826855052262544632e-03 3.759398590773344040e-03 2.058884128928184509e-04 6.801063567399978638e-02 2.365464270114898682e-01 2.255881438031792641e-03 1.217552497982978821e-01 4.739203676581382751e-02 3.618599730543792248e-04 7.518797181546688080e-03 2.699386561289429665e-03
5.977286491543054581e-04 9.469697251915931702e-04 2.308078296482563019e-02 0.000000000000000000e+00 0.000000000000000000e+00 0.000000000000000000e+00 0.000000000000000000e+00 0.000000000000000000e+00 0.000000000000000000e+00 0.000000000000000000e+00 0.000000000000000000e+00 0.000000000000000000e+00 1.577287097461521626e-03 2.826855145394802094e-02 1.766917258501052856e-01 1.647107303142547607e-03 6.712450087070465088e-02 4.121821522712707520e-01 2.739284653216600418e-03 3.502266248688101768e-03 7.851934991776943207e-03 1.085579860955476761e-03 8.742787176743149757e-04 1.693251542747020721e-02
0.000000000000000000e+00 0.000000000000000000e+00 0.000000000000000000e+00 0.000000000000000000e+00 0.000000000000000000e+00 0.000000000000000000e+00 0.000000000000000000e+00 0.000000000000000000e+00 0.000000000000000000e+00 0.000000000000000000e+00 0.000000000000000000e+00 0.000000000000000000e+00 0.000000000000000000e+00 0.000000000000000000e+00 0.000000000000000000e+00 2.058884128928184509e-04 1.107665011659264565e-03 7.687758654356002808e-03 0.000000000000000000e+00 2.266172319650650024e-03 1.149747613817453384e-02 1.809299865271896124e-04 1.748557406244799495e-04 2.453987835906445980e-04
0.000000000000000000e+00 0.000000000000000000e+00 0.000000000000000000e+00 0.000000000000000000e+00 0.000000000000000000e+00 0.000000000000000000e+00 0.000000000000000000e+00 0.000000000000000000e+00 0.000000000000000000e+00 0.000000000000000000e+00 0.000000000000000000e+00 0.000000000000000000e+00 0.000000000000000000e+00 0.000000000000000000e+00 0.000000000000000000e+00 0.000000000000000000e+00 4.430660046637058258e-04 4.435245413333177567e-03 0.000000000000000000e+00 0.000000000000000000e+00 2.804262621793895960e-04 0.000000000000000000e+00 0.000000000000000000e+00 0.000000000000000000e+00
0.000000000000000000e+00 0.000000000000000000e+00 0.000000000000000000e+00 0.000000000000000000e+00 0.000000000000000000e+00 0.000000000000000000e+00 0.000000000000000000e+00 0.000000000000000000e+00 0.000000000000000000e+00 0.000000000000000000e+00 0.000000000000000000e+00 0.000000000000000000e+00 0.000000000000000000e+00 0.000000000000000000e+00 0.000000000000000000e+00 0.000000000000000000e+00 6.645990069955587387e-04 1.478415098972618580e-03 0.000000000000000000e+00 0.000000000000000000e+00 2.804262621793895960e-04 0.000000000000000000e+00 0.000000000000000000e+00 0.000000000000000000e+00
5.977286491543054581e-04 0.000000000000000000e+00 0.000000000000000000e+00 0.000000000000000000e+00 0.000000000000000000e+00 0.000000000000000000e+00 0.000000000000000000e+00 0.000000000000000000e+00 0.000000000000000000e+00 0.000000000000000000e+00 0.000000000000000000e+00 0.000000000000000000e+00 0.000000000000000000e+00 7.067137630656361580e-04 0.000000000000000000e+00 4.117768257856369019e-04 0.000000000000000000e+00 2.956830197945237160e-03 0.000000000000000000e+00 6.180469645187258720e-04 6.169377360492944717e-03 1.809299865271896124e-04 0.000000000000000000e+00 0.000000000000000000e+00
0.000000000000000000e+00 0.000000000000000000e+00 0.000000000000000000e+00 0.000000000000000000e+00 0.000000000000000000e+00 0.000000000000000000e+00 0.000000000000000000e+00 0.000000000000000000e+00 0.000000000000000000e+00 0.000000000000000000e+00 0.000000000000000000e+00 0.000000000000000000e+00 0.000000000000000000e+00 0.000000000000000000e+00 0.000000000000000000e+00 0.000000000000000000e+00 0.000000000000000000e+00 2.956830139737576246e-04 0.000000000000000000e+00 0.000000000000000000e+00 0.000000000000000000e+00 0.000000000000000000e+00 0.000000000000000000e+00 0.000000000000000000e+00
0.000000000000000000e+00 0.000000000000000000e+00 0.000000000000000000e+00 0.000000000000000000e+00 0.000000000000000000e+00 0.000000000000000000e+00 0.000000000000000000e+00 0.000000000000000000e+00 0.000000000000000000e+00 0.000000000000000000e+00 0.000000000000000000e+00 0.000000000000000000e+00 0.000000000000000000e+00 0.000000000000000000e+00 0.000000000000000000e+00 0.000000000000000000e+00 0.000000000000000000e+00 0.000000000000000000e+00 0.000000000000000000e+00 0.000000000000000000e+00 0.000000000000000000e+00 0.000000000000000000e+00 0.000000000000000000e+00 0.000000000000000000e+00
1.195457298308610916e-03 9.469697251915931702e-04 0.000000000000000000e+00 9.433962404727935791e-03 0.000000000000000000e+00 0.000000000000000000e+00 0.000000000000000000e+00 0.000000000000000000e+00 0.000000000000000000e+00 0.000000000000000000e+00 0.000000000000000000e+00 0.000000000000000000e+00 0.000000000000000000e+00 0.000000000000000000e+00 0.000000000000000000e+00 0.000000000000000000e+00 0.000000000000000000e+00 2.365464111790060997e-03 4.834031569771468639e-04 1.648125238716602325e-03 1.822770573198795319e-02 5.427899304777383804e-04 8.742787176743149757e-04 9.815951343625783920e-04
5.977286491543054581e-04 0.000000000000000000e+00 0.000000000000000000e+00 0.000000000000000000e+00 0.000000000000000000e+00 0.000000000000000000e+00 0.000000000000000000e+00 0.000000000000000000e+00 0.000000000000000000e+00 0.000000000000000000e+00 0.000000000000000000e+00 0.000000000000000000e+00 1.577287097461521626e-03 0.000000000000000000e+00 0.000000000000000000e+00 0.000000000000000000e+00 0.000000000000000000e+00 0.000000000000000000e+00 1.611343905096873641e-04 0.000000000000000000e+00 5.608525243587791920e-04 0.000000000000000000e+00 0.000000000000000000e+00 0.000000000000000000e+00
0.000000000000000000e+00 0.000000000000000000e+00 0.000000000000000000e+00 0.000000000000000000e+00 0.000000000000000000e+00 0.000000000000000000e+00 0.000000000000000000e+00 0.000000000000000000e+00 0.000000000000000000e+00 0.000000000000000000e+00 0.000000000000000000e+00 0.000000000000000000e+00 7.886435487307608128e-04 7.067137630656361580e-04 0.000000000000000000e+00 0.000000000000000000e+00 0.000000000000000000e+00 0.000000000000000000e+00 0.000000000000000000e+00 0.000000000000000000e+00 1.121705048717558384e-03 0.000000000000000000e+00 0.000000000000000000e+00 0.000000000000000000e+00
1.195457298308610916e-02 3.314394038170576096e-03 2.007024595513939857e-03 3.773584961891174316e-02 5.555555596947669983e-02 0.000000000000000000e+00 0.000000000000000000e+00 1.428571492433547974e-01 0.000000000000000000e+00 9.259259328246116638e-03 0.000000000000000000e+00 0.000000000000000000e+00 1.656151376664638519e-02 2.120141405612230301e-03 9.398496476933360100e-04 1.750051416456699371e-02 2.658396027982234955e-03 3.548196284100413322e-03 6.767644081264734268e-03 3.419860079884529114e-02 1.486259102821350098e-01 7.779988925904035568e-03 3.164888918399810791e-02 3.460122644901275635e-02
1.793185947462916374e-03 1.420454587787389755e-03 2.508780686184763908e-03 1.886792480945587158e-02 0.000000000000000000e+00 0.000000000000000000e+00 4.545454680919647217e-02 0.000000000000000000e+00 1.000000000000000000e+00 5.555555596947669983e-02 0.000000000000000000e+00 0.000000000000000000e+00 5.362775921821594238e-02 1.978798583149909973e-02 4.699247889220714569e-03 6.176652386784553528e-03 8.861320093274116516e-04 1.774098142050206661e-03 3.222687635570764542e-03 1.339101791381835938e-02 1.104879453778266907e-01 8.503708988428115845e-03 4.843503981828689575e-02 8.564417064189910889e-02
0.000000000000000000e+00 4.261363763362169266e-03 2.508780686184763908e-03 9.433962404727935791e-03 0.000000000000000000e+00 0.000000000000000000e+00 2.272727340459823608e-02 0.000000000000000000e+00 0.000000000000000000e+00 1.851851865649223328e-02 0.000000000000000000e+00 0.000000000000000000e+00 1.498422678560018539e-02 4.240282624959945679e-02 3.759398311376571655e-02 2.058884128928184509e-03 1.329198013991117477e-03 1.182732055895030499e-03 2.417015843093395233e-03 1.153687667101621628e-02 7.010655850172042847e-02 7.599059026688337326e-03 3.706941753625869751e-02 8.319018036127090454e-02
2.390914596617221832e-02 7.291666418313980103e-02 4.415453970432281494e-02 9.433962404727935791e-03 0.000000000000000000e+00 0.000000000000000000e+00 0.000000000000000000e+00 0.000000000000000000e+00 0.000000000000000000e+00 0.000000000000000000e+00 0.000000000000000000e+00 0.000000000000000000e+00 6.309148389846086502e-03 3.533568931743502617e-03 2.819548826664686203e-03 7.473748922348022461e-02 6.645990069955587387e-03 6.505026482045650482e-03 8.701256662607192993e-02 7.972805947065353394e-02 1.402131170034408569e-01 1.338881850242614746e-01 2.351809740066528320e-01 1.109202429652214050e-01
5.499103292822837830e-02 1.936552971601486206e-01 1.650777757167816162e-01 0.000000000000000000e+00 0.000000000000000000e+00 0.000000000000000000e+00 0.000000000000000000e+00 0.000000000000000000e+00 0.000000000000000000e+00 9.259259328246116638e-03 0.000000000000000000e+00 0.000000000000000000e+00 1.419558376073837280e-02 5.936395749449729919e-02 3.759398590773344040e-03 2.800082415342330933e-02 8.573327213525772095e-02 3.843879327178001404e-03 4.237834364175796509e-02 1.091882959008216858e-02 2.832305058836936951e-02 1.407635211944580078e-01 1.982864141464233398e-01 1.980368047952651978e-01
1.912731677293777466e-02 8.238636702299118042e-02 2.147516310214996338e-01 9.433962404727935791e-03 5.555555596947669983e-02 0.000000000000000000e+00 0.000000000000000000e+00 0.000000000000000000e+00 0.000000000000000000e+00 9.259259328246116638e-03 0.000000000000000000e+00 0.000000000000000000e+00 7.886435487307608128e-04 2.473498322069644928e-02 1.231203004717826843e-01 2.470660954713821411e-03 5.538325291126966476e-03 8.633944392204284668e-02 4.028359428048133850e-03 3.708281787112355232e-03 3.477285429835319519e-02 3.889994695782661438e-02 1.092848405241966248e-01 3.268711566925048828e-01
6.096832081675529480e-02 4.356060549616813660e-02 2.609132044017314911e-02 0.000000000000000000e+00 0.000000000000000000e+00 0.000000000000000000e+00 0.000000000000000000e+00 0.000000000000000000e+00 0.000000000000000000e+00 0.000000000000000000e+00 0.000000000000000000e+00 0.000000000000000000e+00 1.104100979864597321e-02 5.653710104525089264e-03 4.699247889220714569e-03 1.521515399217605591e-01 2.370403148233890533e-02 8.279125206172466278e-03 3.670641183853149414e-01 1.155747845768928528e-01 5.496354401111602783e-02 2.283336371183395386e-01 1.283441185951232910e-01 1.693251542747020721e-02
2.635983228683471680e-01 1.676136404275894165e-01 7.626693695783615112e-02 2.830188721418380737e-02 0.000000000000000000e+00 0.000000000000000000e+00 0.000000000000000000e+00 0.000000000000000000e+00 0.000000000000000000e+00 3.703703731298446655e-02 0.000000000000000000e+00 0.000000000000000000e+00 1.309148222208023071e-01 6.077738478779792786e-02 9.398495778441429138e-03 2.600370645523071289e-01 4.186973720788955688e-02 5.322294309735298157e-03 1.590396463871002197e-01 4.161516204476356506e-02 2.804262563586235046e-03 1.709788292646408081e-01 2.710263989865779877e-02 1.104294508695602417e-02
3.550508022308349609e-01 3.319128751754760742e-01 3.878574967384338379e-01 2.169811278581619263e-01 5.000000000000000000e-01 6.666666865348815918e-01 2.045454531908035278e-01 5.714285969734191895e-01 0.000000000000000000e+00 8.333333581686019897e-02 1.111111119389533997e-01 1.666666716337203979e-01 3.075709752738475800e-02 7.773851510137319565e-03 5.639097653329372406e-03 2.614782750606536865e-02 5.981391295790672302e-03 2.956830337643623352e-02 3.174347430467605591e-02 5.562422797083854675e-03 5.215928331017494202e-02 1.145286783576011658e-01 2.465466037392616272e-02 5.349693074822425842e-02
2.988643199205398560e-02 1.467803027480840683e-02 3.010536776855587959e-03 0.000000000000000000e+00 0.000000000000000000e+00 0.000000000000000000e+00 0.000000000000000000e+00 0.000000000000000000e+00 0.000000000000000000e+00 0.000000000000000000e+00 0.000000000000000000e+00 0.000000000000000000e+00 2.365930704399943352e-03 5.653710104525089264e-03 8.458646945655345917e-03 9.264978021383285522e-02 8.152414858341217041e-02 2.365464158356189728e-02 2.033516019582748413e-01 3.498145937919616699e-01 9.534492343664169312e-02 1.047584563493728638e-01 8.847700804471969604e-02 7.361963391304016113e-03
7.172743789851665497e-03 3.787878900766372681e-03 1.505268388427793980e-03 9.433962404727935791e-03 0.000000000000000000e+00 0.000000000000000000e+00 0.000000000000000000e+00 0.000000000000000000e+00 0.000000000000000000e+00 1.851851865649223328e-02 0.000000000000000000e+00 0.000000000000000000e+00 7.413249462842941284e-02 1.349823325872421265e-01 3.947368264198303223e-02 2.402717769145965576e-01 5.598139166831970215e-01 8.574808016419410706e-03 6.300354748964309692e-02 1.131025925278663635e-01 6.730230059474706650e-03 1.157951913774013519e-02 5.315614491701126099e-02 2.453987719491124153e-03
1.560071706771850586e-01 3.125000000000000000e-02 1.906673423945903778e-02 6.509433984756469727e-01 3.888888955116271973e-01 3.333333432674407959e-01 7.272727489471435547e-01 2.857142984867095947e-01 0.000000000000000000e+00 7.592592835426330566e-01 8.888888955116271973e-01 8.333333134651184082e-01 6.348580718040466309e-01 6.007066965103149414e-01 5.780075192451477051e-01 9.409100562334060669e-02 3.433761745691299438e-02 2.749852091073989868e-02 2.191427722573280334e-02 4.120313096791505814e-03 1.991026289761066437e-02 2.967251650989055634e-02 3.147403476759791374e-03 4.564417153596878052e-02
