0.212577 0.000839 0.000243 0.032894 0.035988 0.000000 0.094110 0.036484 0.000000 0.000000 0.067428 0.004199 0.140732 0.227144 0.026656 0.006879 0.001499 0.000011 0.002184 0.000203
0.003327 0.295668 0.004985 0.149718 0.127764 0.051622 0.018615 0.049272 0.002374 0.000038 0.002256 0.014720 0.000432 0.000000 0.012659 0.141636 0.090544 0.058297 0.028233 0.003065
0.000414 0.001484 0.241660 0.005316 0.001779 0.021588 0.001017 0.000000 0.124213 0.215206 0.000102 0.009778 0.000000 0.000026 0.000107 0.048018 0.016453 0.038769 0.064376 0.108039
0.045837 0.053953 0.008299 0.266314 0.059367 0.000285 0.176965 0.046758 0.000791 0.001902 0.002281 0.122121 0.009053 0.006324 0.005388 0.057676 0.009267 0.029888 0.086011 0.001543
0.141071 0.090396 0.000274 0.134912 0.339551 0.004528 0.087593 0.023599 0.000000 0.000000 0.018135 0.003388 0.003786 0.018280 0.115105 0.042776 0.057733 0.001107 0.007530 0.000832
0.000000 0.049382 0.060141 0.000772 0.001943 0.382828 0.000000 0.002470 0.036234 0.003175 0.000102 0.000647 0.000029 0.000000 0.000178 0.057451 0.196812 0.054400 0.001977 0.231324
0.047015 0.006992 0.003511 0.078539 0.010114 0.000000 0.306931 0.082398 0.000633 0.007534 0.007506 0.159659 0.101439 0.102934 0.002368 0.010228 0.000797 0.011947 0.090839 0.000873
0.111402 0.102529 0.000000 0.072701 0.162893 0.002296 0.021583 0.317788 0.003519 0.000101 0.123552 0.036833 0.055496 0.007540 0.124933 0.001367 0.002337 0.039919 0.000023 0.000000
0.000000 0.007131 0.030929 0.000065 0.000041 0.252377 0.000925 0.001397 0.384851 0.061102 0.000000 0.035424 0.000951 0.000038 0.000000 0.012346 0.016899 0.112633 0.006311 0.126837
0.000246 0.000613 0.070233 0.002218 0.000276 0.015815 0.007523 0.000185 0.259323 0.418268 0.000000 0.031187 0.000078 0.000627 0.000000 0.008486 0.000892 0.033615 0.109991 0.027223
0.169484 0.002022 0.000000 0.001870 0.019758 0.000052 0.005480 0.045457 0.000146 0.000000 0.257860 0.000830 0.066246 0.140262 0.226064 0.000496 0.000135 0.000937 0.000000 0.000000
0.001424 0.096441 0.003754 0.080017 0.010094 0.005903 0.053973 0.113116 0.041518 0.033625 0.002052 0.290670 0.038223 0.007847 0.000924 0.021313 0.002769 0.218440 0.048408 0.001320
0.026899 0.004173 0.000000 0.004913 0.014737 0.000000 0.034616 0.186883 0.000877 0.001688 0.313869 0.042528 0.327170 0.051128 0.069442 0.000000 0.000000 0.003205 0.001770 0.000000
0.052219 0.000022 0.000745 0.006316 0.003365 0.000000 0.097587 0.024952 0.000000 0.000630 0.063057 0.009894 0.246349 0.365460 0.005353 0.001322 0.000230 0.000053 0.005541 0.000244
0.179141 0.015188 0.000000 0.005196 0.128756 0.001271 0.004260 0.035526 0.000049 0.000000 0.141062 0.000019 0.004885 0.068217 0.405388 0.001036 0.002999 0.000511 0.000000 0.000000
0.003016 0.006217 0.152626 0.067755 0.027817 0.002647 0.012179 0.000000 0.005101 0.031735 0.000064 0.032316 0.000000 0.000051 0.001930 0.202361 0.075051 0.014162 0.189070 0.044478
0.000220 0.075111 0.075188 0.010164 0.040028 0.098081 0.000386 0.000589 0.000097 0.006639 0.000115 0.000183 0.000000 0.000000 0.002653 0.158053 0.393300 0.002449 0.017037 0.151847
0.000000 0.182857 0.036720 0.039438 0.010278 0.125170 0.000478 0.031386 0.072030 0.004309 0.000484 0.058976 0.003247 0.000077 0.000320 0.143499 0.057868 0.294348 0.009254 0.032440
0.005657 0.008368 0.065203 0.040264 0.003999 0.002815 0.075780 0.001635 0.050370 0.122457 0.000076 0.146628 0.001883 0.004045 0.000367 0.048439 0.005268 0.083543 0.322087 0.009135
0.000052 0.000613 0.245490 0.000620 0.001452 0.032720 0.000000 0.000105 0.017873 0.091591 0.000000 0.000000 0.000000 0.000000 0.000166 0.036618 0.069148 0.001768 0.009358 0.260597
