0.131130 0.002471 0.001146 0.030036 0.036092 0.000000 0.086173 0.073016 0.000000 0.000084 0.079615 0.011699 0.144778 0.160477 0.029297 0.009097 0.004330 0.000310 0.011152 0.000480
0.006984 0.188161 0.009863 0.143345 0.107170 0.042540 0.031249 0.053011 0.003474 0.000476 0.003427 0.046983 0.000924 0.000199 0.021804 0.113514 0.071923 0.056994 0.033022 0.003935
0.001983 0.006614 0.169231 0.008495 0.004205 0.070972 0.007206 0.000179 0.223454 0.228806 0.000026 0.019827 0.000079 0.000798 0.000436 0.047502 0.024469 0.060937 0.076001 0.120234
0.049185 0.108326 0.011889 0.294417 0.075364 0.002332 0.130841 0.110273 0.003528 0.005743 0.004445 0.162403 0.014663 0.011270 0.008931 0.063934 0.013063 0.084483 0.084510 0.001504
0.122755 0.078291 0.001617 0.114725 0.230916 0.006996 0.080622 0.030723 0.000109 0.000084 0.008412 0.014364 0.010319 0.018485 0.086541 0.045960 0.070810 0.003522 0.012166 0.001999
0.000000 0.074791 0.095359 0.002367 0.013369 0.276775 0.000000 0.013404 0.036383 0.010534 0.000180 0.003811 0.000098 0.000000 0.003442 0.073472 0.206863 0.051146 0.006699 0.206718
0.033234 0.017655 0.004870 0.045166 0.017251 0.000155 0.192015 0.062700 0.003148 0.021488 0.007781 0.087970 0.043103 0.078394 0.005467 0.011647 0.003043 0.016591 0.103556 0.001232
0.121304 0.093450 0.000164 0.087399 0.126280 0.007540 0.029594 0.243416 0.005391 0.000420 0.062378 0.039948 0.055427 0.006450 0.082163 0.004596 0.006383 0.040093 0.000398 0.000000
0.000000 0.021284 0.031350 0.001335 0.000647 0.289251 0.005662 0.008906 0.284207 0.067602 0.000490 0.060468 0.005189 0.000332 0.000370 0.026191 0.038003 0.105815 0.011007 0.153711
0.002338 0.003372 0.046063 0.004045 0.001159 0.029986 0.045513 0.001499 0.170373 0.294980 0.000322 0.050261 0.002339 0.006150 0.000000 0.014323 0.004231 0.036660 0.131002 0.030374
0.215501 0.011041 0.000102 0.004875 0.027466 0.001069 0.014742 0.063304 0.000488 0.000000 0.420115 0.002638 0.241322 0.236710 0.305343 0.001291 0.001806 0.004873 0.000579 0.000032
0.002604 0.099756 0.004666 0.062965 0.019461 0.013526 0.063711 0.079796 0.037740 0.035524 0.003401 0.188573 0.038288 0.014395 0.002570 0.032738 0.005839 0.151202 0.057245 0.003055
0.021929 0.012354 0.000000 0.007848 0.016523 0.000272 0.041579 0.143100 0.003492 0.004146 0.239823 0.060575 0.246256 0.069151 0.105731 0.000220 0.000322 0.013844 0.006445 0.000000
0.046373 0.001055 0.001432 0.007646 0.007520 0.000000 0.126907 0.028038 0.000778 0.005827 0.060600 0.023025 0.151264 0.264470 0.012067 0.004879 0.000965 0.001794 0.032624 0.000272
0.218845 0.033097 0.000286 0.011974 0.156927 0.003459 0.011728 0.034818 0.000145 0.000000 0.107042 0.000213 0.034593 0.111706 0.313599 0.006674 0.023306 0.001418 0.001448 0.000288
0.008612 0.013666 0.107985 0.061671 0.029030 0.005947 0.021764 0.000470 0.023863 0.033759 0.000219 0.062467 0.000020 0.001164 0.003594 0.144773 0.041962 0.060693 0.155225 0.024632
0.003522 0.073967 0.074548 0.020287 0.091456 0.064384 0.002904 0.002350 0.001538 0.014204 0.000309 0.003944 0.000020 0.000100 0.014485 0.148771 0.326068 0.006202 0.033022 0.083189
0.000030 0.148449 0.037550 0.059608 0.021995 0.080630 0.002831 0.044888 0.053046 0.008041 0.001031 0.069555 0.006761 0.000366 0.002396 0.178519 0.054877 0.232805 0.011768 0.035189
0.013199 0.010964 0.033519 0.028742 0.011779 0.007016 0.103893 0.006087 0.029038 0.087718 0.000386 0.090076 0.004540 0.019349 0.001612 0.033714 0.008462 0.061158 0.199544 0.007150
0.000473 0.001235 0.368360 0.003054 0.005391 0.097149 0.001066 0.000022 0.119805 0.180563 0.000000 0.001199 0.000020 0.000033 0.000152 0.038184 0.093275 0.009458 0.032587 0.326008
