4.100000000000000000e+01 3.000000000000000000e+01 4.100000000000000000e+01 3.600000000000000000e+01 4.300000000000000000e+01 2.300000000000000000e+01 3.800000000000000000e+01 4.100000000000000000e+01 3.000000000000000000e+01 3.300000000000000000e+01 3.100000000000000000e+01 3.500000000000000000e+01 3.600000000000000000e+01 4.100000000000000000e+01 3.400000000000000000e+01 3.800000000000000000e+01 3.600000000000000000e+01 3.800000000000000000e+01 4.800000000000000000e+01 2.800000000000000000e+01 3.200000000000000000e+01 2.500000000000000000e+01 3.000000000000000000e+01 3.000000000000000000e+01 1.800000000000000000e+01 2.400000000000000000e+01 3.500000000000000000e+01 3.400000000000000000e+01 4.300000000000000000e+01 3.800000000000000000e+01
2.836641620840237010e+01 3.118344007507403148e+01 4.570289373578998493e+01 3.310861210358416429e+01 3.567261072609835537e+01 4.338364533751155250e+01 2.736865810706513003e+01 2.314729645027546212e+01 3.718156455951975659e+01 4.017733168266204302e+01 2.704670667258324102e+01 3.186478318888111971e+01 4.366796093844459392e+01 2.586084779075099505e+01 3.112284082449332345e+01 3.786758457611722406e+01 3.411427025299053639e+01 3.250879903063469101e+01 4.885033193725394085e+01 2.210206920231576078e+01 3.451700943091418594e+01 2.746765905115171336e+01 3.016755524862310267e+01 3.823266709539893782e+01 3.496300825673097279e+01 4.499495799325086409e+01 4.195630146244366188e+01 2.498729576485857251e+01 4.278409199596717372e+01 2.963078815309563652e+01
3.022033222118649931e+01 2.931127597082044645e+01 4.282523233776547045e+01 3.548216023253751672e+01 3.722561387736556782e+01 4.057515844648026615e+01 2.798158346879878877e+01 2.475319419594290338e+01 3.891082620469143194e+01 4.146496773950985215e+01 3.198063831016845526e+01 3.037323142632482487e+01 4.448143199864164643e+01 3.478441382583494601e+01 3.270575277553415106e+01 2.995297063994877362e+01 3.656290601719616262e+01 3.657199665265098076e+01 4.073885799413002218e+01 2.586886321979768155e+01 3.657194521717124758e+01 2.987927751646552110e+01 2.655414915994297687e+01 3.394547025023215525e+01 3.882414213725544982e+01 4.172584440319436538e+01 3.905696202599327904e+01 2.702426974948344451e+01 3.700229495402506785e+01 2.664423302870780574e+01
2.854453917004055086e+01 2.752002656111315915e+01 4.158702670407627267e+01 3.718420089915796467e+01 3.626212913434388696e+01 4.471427063081249997e+01 2.606807048779215918e+01 2.266441498710402414e+01 4.228008589189266075e+01 3.746435949557168499e+01 3.163192721891187276e+01 3.304232587104149843e+01 4.614228752396816446e+01 3.242647122425974260e+01 3.034527382943679186e+01 3.353813398698630266e+01 3.604460902281052626e+01 3.574550581903525170e+01 4.103965357723589591e+01 2.602746682219452268e+01 3.715724436377512063e+01 3.144801297029765053e+01 2.505664971686482190e+01 3.547093961369246529e+01 3.855661430314789584e+01 4.059103509306083168e+01 4.165978577195658517e+01 2.309466158011314008e+01 3.917575555892227612e+01 2.751651607733658622e+01
2.685137592009536434e+01 2.725115109635522970e+01 4.304162180186497011e+01 3.817115266542116103e+01 3.481373541695073470e+01 4.430957698995986505e+01 2.717927148519449077e+01 2.295092003978425410e+01 4.252283770476441305e+01 3.814920729008118627e+01 3.379413737855853839e+01 3.190610257235589131e+01 4.671918055117750157e+01 3.217321718861488478e+01 3.012134076461634180e+01 3.162177396017530029e+01 3.703971838866044664e+01 3.741404139419512376e+01 4.056212639304089862e+01 2.536816792528452780e+01 3.928833769005527188e+01 3.178208400125564737e+01 2.430423813987906811e+01 3.314002929973882061e+01 4.057573419505855838e+01 4.102186349863125514e+01 4.168814184035058901e+01 2.434537743683134181e+01 3.669492726934452520e+01 2.519860158794512728e+01
2.683151673278579707e+01 2.655681560349946579e+01 4.115277715447974316e+01 3.950459680726679323e+01 3.534366766458360587e+01 4.628728889939727509e+01 2.654536486403216600e+01 2.296066532417935235e+01 4.354073843075214256e+01 3.656789559977652715e+01 3.364743733678742643e+01 3.306891900723046263e+01 4.683921752746837086e+01 3.237106933859290336e+01 3.023042798593590419e+01 3.154752633226108216e+01 3.724962174355094646e+01 3.768381377480734784e+01 3.892822915066147260e+01 2.629949719512110917e+01 3.910456345476690387e+01 3.227164872063510614e+01 2.323982007739426336e+01 3.307698558033168723e+01 4.051612957507300194e+01 3.970444654043711097e+01 4.269845351609749429e+01 2.343267243123707644e+01 3.717737365882001654e+01 2.562080979161769534e+01
2.579201627588114576e+01 2.640188955614608801e+01 4.182548618364943138e+01 3.969042342930143974e+01 3.458544308361594943e+01 4.636882533385406902e+01 2.676560233891559193e+01 2.245667884464851483e+01 4.411590956482785231e+01 3.615900495059313613e+01 3.458159629594272388e+01 3.301521255008253775e+01 4.761117764572048117e+01 3.166538053100310890e+01 2.939937372220924772e+01 3.155206535699869974e+01 3.732294145880451453e+01 3.813653287004137837e+01 3.936715910862483980e+01 2.562215479129121221e+01 4.034275978098119708e+01 3.239774245684930065e+01 2.287781542246802502e+01 3.277658015706823136e+01 4.094070372182114426e+01 4.016534535515420856e+01 4.318515255159695698e+01 2.325629430116202201e+01 3.669411011654557342e+01 2.492861001030590273e+01
2.561372884487704127e+01 2.617894099966845545e+01 4.129619465493041019e+01 4.046614983251384956e+01 3.475557820477548887e+01 4.712761319951305694e+01 2.676950224851036353e+01 2.270154225061783393e+01 4.423797907194106216e+01 3.594589643182100502e+01 3.475548127998999348e+01 3.305789547313173671e+01 4.754795793875040033e+01 3.197839503440255271e+01 2.959924863267212913e+01 3.111600489089321897e+01 3.770993432167033887e+01 3.860306524958136976e+01 3.844925941358496146e+01 2.593827665156999984e+01 4.032119662586135433e+01 3.247655267822405278e+01 2.240561950033679750e+01 3.213783383799838589e+01 4.128838574803575767e+01 3.974630758168940758e+01 4.340720081677780229e+01 2.325411062187459876e+01 3.649284810463194617e+01 2.462128558049507276e+01
2.528932484040044670e+01 2.606544413978122066e+01 4.110272024570934946e+01 4.058507306998121322e+01 3.461421380484635080e+01 4.746019921362711358e+01 2.672747460528760399e+01 2.240179802457367941e+01 4.465682148670265406e+01 3.536624988540425107e+01 3.499646308850275034e+01 3.332422795773462099e+01 4.796966729595480672e+01 3.173946696600988204e+01 2.921933646637654292e+01 3.128966080987502707e+01 3.769219579812535414e+01 3.867267652490879470e+01 3.839118960417733462e+01 2.581949962613033378e+01 4.074470974933500145e+01 3.255202284785225686e+01 2.210905333264146932e+01 3.220003137658060410e+01 4.121212444582891266e+01 3.979449272201541987e+01 4.384283318834130938e+01 2.301178537122569168e+01 3.655167621181542614e+01 2.459755096473905667e+01
2.500336755168151726e+01 2.602456221496014166e+01 4.113572243129451067e+01 4.088149976704054467e+01 3.458753776988825734e+01 4.765451574200589846e+01 2.683654571989138660e+01 2.242196919831427238e+01 4.466647078877097954e+01 3.533512323029655278e+01 3.523513730547704625e+01 3.317962019619338321e+01 4.806083740205674104e+01 3.180520471317750619e+01 2.913899927895308650e+01 3.113340675141179759e+01 3.791152987026961796e+01 3.896700060664879572e+01 3.817398726723625657e+01 2.573963244438445841e+01 4.091498311572394186e+01 3.253241755392350143e+01 2.191988882478753808e+01 3.181808462259926884e+01 4.144820788739567519e+01 3.980347068722344517e+01 4.392807053026071173e+01 2.308252445813580422e+01 3.640116472887326893e+01 2.425849896505321013e+01
2.491021444300211485e+01 2.598358311073526750e+01 4.084464730919754061e+01 4.103177468961347074e+01 3.463911969998783036e+01 4.793944132321708906e+01 2.682269101894585361e+01 2.235597208788966128e+01 4.481935591450691447e+01 3.503366201288543635e+01 3.527867962347892927e+01 3.331106631379659433e+01 4.821184501624433949e+01 3.182313310452919808e+01 2.905760060100219988e+01 3.118297081253716030e+01 3.797677677558574771e+01 3.902946718079450505e+01 3.791006095576366874e+01 2.579240166451830873e+01 4.098560712913751303e+01 3.254801191369835323e+01 2.171687094183017308e+01 3.174873361197401422e+01 4.139320847172731277e+01 3.976944567876098802e+01 4.414715202233190894e+01 2.301026665098181923e+01 3.647365963505069431e+01 2.425255986434828870e+01
2.471543604476713440e+01 2.599272788968844949e+01 4.086207004873322290e+01 4.111373914677030683e+01 3.462510726495786173e+01 4.801475839367763854e+01 2.688636609808370892e+01 2.227487332769759831e+01 4.486140854598126992e+01 3.491813705092512521e+01 3.541587919561733599e+01 3.326111502956089794e+01 4.834934862736514560e+01 3.182253930047819424e+01 2.891108847732395404e+01 3.119858300789968908e+01 3.806619858253124988e+01 3.914410273127570861e+01 3.786930109400814359e+01 2.568190714700526911e+01 4.113238789364957171e+01 3.252296739671499637e+01 2.160935758991695010e+01 3.161969283191002944e+01 4.144352501032024350e+01 3.984753262481937242e+01 4.424697301932913263e+01 2.303164417298229338e+01 3.646292070439268684e+01 2.409828929114285856e+01
2.463962836534779655e+01 2.600122778938224855e+01 4.072064982996796090e+01 4.122054536102563560e+01 3.468398067550362640e+01 4.815862645577898604e+01 2.691793802677042891e+01 2.226641740254628132e+01 4.488049079121601181e+01 3.480517053726550358e+01 3.544860871141600711e+01 3.326001467229245634e+01 4.841901526771178510e+01 3.188383862147581382e+01 2.888158580629525218e+01 3.121092413823239653e+01 3.815227306845477528e+01 3.922009028657378593e+01 3.768386938281318521e+01 2.569481901453016093e+01 4.114418690910498810e+01 3.250242958481086220e+01 2.149449403653640545e+01 3.149295234624993967e+01 4.144610933254895002e+01 3.986102881312721991e+01 4.433646197985997617e+01 2.304833659476680907e+01 3.649972620323240591e+01 2.402453549899110996e+01
2.454304312367899144e+01 2.602437417327231728e+01 4.065531713366799238e+01 4.125281137176197888e+01 3.471312894880134792e+01 4.822815340971148146e+01 2.695232737351513919e+01 2.220176008247515753e+01 4.491327854872942282e+01 3.467893046648404720e+01 3.549686045896585540e+01 3.326020293705246900e+01 4.851864749096679219e+01 3.190396521505478233e+01 2.878756135674199612e+01 3.126079821834328598e+01 3.820340150537099788e+01 3.926180149537972852e+01 3.762121801673785626e+01 2.564536109874526915e+01 4.120458377617419643e+01 3.247979996409833348e+01 2.141343568028158373e+01 3.144082371859287761e+01 4.142193252283339433e+01 3.991853395067460042e+01 4.442223842262944089e+01 2.306078917383094407e+01 3.654484641655247401e+01 2.397004741930335925e+01
2.446797101500919425e+01 2.605251808664118940e+01 4.060048201868516315e+01 4.130134422170392128e+01 3.475650666234162856e+01 4.828768809869880840e+01 2.699230293990047613e+01 2.218102420048642287e+01 4.490302851055304956e+01 3.461721774164087861e+01 3.553004887305262827e+01 3.322619767424183124e+01 4.857826976837444022e+01 3.195034143060789233e+01 2.874226856820828857e+01 3.128619655238375330e+01 3.826813301669722733e+01 3.931558508449011669e+01 3.753116177661939901e+01 2.561654157487654260e+01 4.122316888992673256e+01 3.245037954202751962e+01 2.134744040351664296e+01 3.134645215153433995e+01 4.142430066106042830e+01 3.996470654537139922e+01 4.447102568321314209e+01 2.309403916281652869e+01 3.657906487640690329e+01 2.389456571041637289e+01
2.441508054230478564e+01 2.608132880193863201e+01 4.052462139127668195e+01 4.132563462463399162e+01 3.480063087851679882e+01 4.834309978569924482e+01 2.702109093085094926e+01 2.214726217251311624e+01 4.490839020085629585e+01 3.453028211286308391e+01 3.554428068125491080e+01 3.322144348750209986e+01 4.863983552689408896e+01 3.198743178121896591e+01 2.869307862825482047e+01 3.132818533790382887e+01 3.831309031446454583e+01 3.934193803065917194e+01 3.745480917093328088e+01 2.559635796871939917e+01 4.123545347270613348e+01 3.242643248164903014e+01 2.128736040877680225e+01 3.129762509532198322e+01 4.139588705947729608e+01 4.000936054968146749e+01 4.452620611472778478e+01 2.311591213698737590e+01 3.662806870760376654e+01 2.385979101831829396e+01
2.435732288985966676e+01 2.611289277259545116e+01 4.048564804379446969e+01 4.134284662349728734e+01 3.483881493631985649e+01 4.837468548429587401e+01 2.705394302787980365e+01 2.211863146904599731e+01 4.489874748832451701e+01 3.447437745171126977e+01 3.556456514436302285e+01 3.319607435165867315e+01 4.869275806774833626e+01 3.202312373423527703e+01 2.864555527468782259e+01 3.136368658961327682e+01 3.835721333163236579e+01 3.937119616564602609e+01 3.740297630100616999e+01 2.556344677613721927e+01 4.125025952651573391e+01 3.239951459864035854e+01 2.124224998841056333e+01 3.124147036477597439e+01 4.138214923201050510e+01 4.005862811379856225e+01 4.456416779667745942e+01 2.314516524341120274e+01 3.666786528678446899e+01 2.380999131573157612e+01
2.431751434392453604e+01 2.614287196209517106e+01 4.043130527808416730e+01 4.135908132920044267e+01 3.487999538362345220e+01 4.840923721240766042e+01 2.708151348083155341e+01 2.209784924247730586e+01 4.488872977918024532e+01 3.441969330759758350e+01 3.557197870632076331e+01 3.317986644701500865e+01 4.873588085891622512e+01 3.206044327695518348e+01 2.861244343506639254e+01 3.139802319490724614e+01 3.839653153644006522e+01 3.939298616396330743e+01 3.734139422721239043e+01 2.554581943348864925e+01 4.125040395027485829e+01 3.237540391234916370e+01 2.119981557833945018e+01 3.119385984458583039e+01 4.136186023620007290e+01 4.010012619063736139e+01 4.459822900998199202e+01 2.317168153954634491e+01 3.670973616427263408e+01 2.377569034360135092e+01
2.427766831089971333e+01 2.617235731067058779e+01 4.039173960710665767e+01 4.136628996190550112e+01 3.491605299457324207e+01 4.843274583872766215e+01 2.710747860995256531e+01 2.207333646054366127e+01 4.487948569552960265e+01 3.437037909798733182e+01 3.558055085805749229e+01 3.316307127082428252e+01 4.877764962786392999e+01 3.209226312552534921e+01 2.857523265499255061e+01 3.143256709338387722e+01 3.842982083002120675e+01 3.940977381176237060e+01 3.729854739152283827e+01 2.552196290922677591e+01 4.125527633053970078e+01 3.235244665244932349e+01 2.116502141268788861e+01 3.115605684049560509e+01 4.134156561611241187e+01 4.014237748805872741e+01 4.462832334043094562e+01 2.319680982146573456e+01 3.674910685811371280e+01 2.374400552904150175e+01
2.424436317976812916e+01 2.620029961504449290e+01 4.035438083787335728e+01 4.137436511420104779e+01 3.495084938910919448e+01 4.845343661803376989e+01 2.713181306510164603e+01 2.205557522569694129e+01 4.486648283275324900e+01 3.433084574738821004e+01 3.558613032580342406e+01 3.314476643212312013e+01 4.881231474171214302e+01 3.212390269268851739e+01 2.854673886164721353e+01 3.146296878354653259e+01 3.846146678663883733e+01 3.942602909096029151e+01 3.725483279096074085e+01 2.550317790612569979e+01 4.125457906437933531e+01 3.233060581275134382e+01 2.113424966700495133e+01 3.111737579517102859e+01 4.132470639803751311e+01 4.018060699806304115e+01 4.465238158654925371e+01 2.322172209550965860e+01 3.678514347994337896e+01 2.371385039914783022e+01
2.421545021696741173e+01 2.622641844391020172e+01 4.031879171505979542e+01 4.137880880688736340e+01 3.498311514732525751e+01 4.847154697467673401e+01 2.715338108105151349e+01 2.203735158006056238e+01 4.485598167595935593e+01 3.429193041069647307e+01 3.558941330053822583e+01 3.313058516474697512e+01 4.884432128114227822e+01 3.215244646775857973e+01 2.851935640101198999e+01 3.149250240335216233e+01 3.848876662231130297e+01 3.943806939381740762e+01 3.721717212137201614e+01 2.548594372048908951e+01 4.125353322449173987e+01 3.231088549791348896e+01 2.110683745720888282e+01 3.108673085158500626e+01 4.130589767043328919e+01 4.021599579245318523e+01 4.467495073386343307e+01 2.324406665359289903e+01 3.681972016940540016e+01 2.368998833877059340e+01
2.418859049828500218e+01 2.625089192132658411e+01 4.028946826995471753e+01 4.138221099120602986e+01 3.501252637561397307e+01 4.848574699352134587e+01 2.717362171076032240e+01 2.202147243747339544e+01 4.484436028314950562e+01 3.425961528826305624e+01 3.559285097243841278e+01 3.311514866956537873e+01 4.887290258337649362e+01 3.217875554429653562e+01 2.849477579128725679e+01 3.151933782671287787e+01 3.851380281289499408e+01 3.944943094572486331e+01 3.718437961294647209e+01 2.546904422354002406e+01 4.125241478836503006e+01 3.229228675449825658e+01 2.108311215155704588e+01 3.105731056890098074e+01 4.129011070702797781e+01 4.024910797213212277e+01 4.469389695145316210e+01 2.326539422617093322e+01 3.685102920996808251e+01 2.366636022343634238e+01
2.416571809389397885e+01 2.627344494929116792e+01 4.026072652098540061e+01 4.138502234401964586e+01 3.503996824343698790e+01 4.849903081172227814e+01 2.719184250619119680e+01 2.200740235214438911e+01 4.483367568931834057e+01 3.422963196768021277e+01 3.559456629767642966e+01 3.310202216328600144e+01 4.889825647345885073e+01 3.220321254025093083e+01 2.847337853007980613e+01 3.154405681619561719e+01 3.853640174591324552e+01 3.945900236904110159e+01 3.715335729418796973e+01 2.545494811682726066e+01 4.124981933936320644e+01 3.227540416691495295e+01 2.106154541329058461e+01 3.103144581769188903e+01 4.127456751334735685e+01 4.027906322682795803e+01 4.471093054033732273e+01 2.328492544378462625e+01 3.688015272366331487e+01 2.364643528363875191e+01
2.414455579250953932e+01 2.629426874236650491e+01 4.023594906878278010e+01 4.138661740355637875e+01 3.506488594012040494e+01 4.851001952468557477e+01 2.720849748528980427e+01 2.199410712853228134e+01 4.482370455732630887e+01 3.420278947689580917e+01 3.559627166469433490e+01 3.308961793432636966e+01 4.892148622135310632e+01 3.222532349126414886e+01 2.845325439762351039e+01 3.156693112855376171e+01 3.855663610650123019e+01 3.946730297013075983e+01 3.712672407094473925e+01 2.544120153798143846e+01 4.124787409773735192e+01 3.225986882363306307e+01 2.104251915182158683e+01 3.100840227130291282e+01 4.126031531289618215e+01 4.030679397609993941e+01 4.472617031122331355e+01 2.330286786071806659e+01 3.690687226305294644e+01 2.362812457265230393e+01
2.412582367380479198e+01 2.631338718606928850e+01 4.021310839928495540e+01 4.138814411708951013e+01 3.508777599817903337e+01 4.851985719823672838e+01 2.722372515814349470e+01 2.198254201917655593e+01 4.481409145684728657e+01 3.417893271537887756e+01 3.559743273788655671e+01 3.307808417787896360e+01 4.894217746463023389e+01 3.224571910614513826e+01 2.843563575631533169e+01 3.158768770118276592e+01 3.857513963411139457e+01 3.947486914205266118e+01 3.710194633926304419e+01 2.542913048437420542e+01 4.124537578160280304e+01 3.224563661931380665e+01 2.102536261089521119e+01 3.098713149064172256e+01 4.124739602887903800e+01 4.033205197850777779e+01 4.473958076331354050e+01 2.331943610758549568e+01 3.693124468588228382e+01 2.361152474339918683e+01
2.410893933945986589e+01 2.633088415315070918e+01 4.019232214077035792e+01 4.138909993228559614e+01 3.510868900657811054e+01 4.852860601805975449e+01 2.723750771833660878e+01 2.197177438842235730e+01 4.480544312400888884e+01 3.415701530929253238e+01 3.559826508188709937e+01 3.306781000502814294e+01 4.896100088931992644e+01 3.226427217077548448e+01 2.841942324257221131e+01 3.160677461427331991e+01 3.859176722225829792e+01 3.948137861954158723e+01 3.707982396585420304e+01 2.541805898555568888e+01 4.124305229976295806e+01 3.223269119713468456e+01 2.100991878481558572e+01 3.096834278761486559e+01 4.123525311938445981e+01 4.035509757575873380e+01 4.475179149781997268e+01 2.333450790645915873e+01 3.695362594742136508e+01 2.359681222519707333e+01
2.409360755865128922e+01 2.634689397519766629e+01 4.017373357862252448e+01 4.138987208126717832e+01 3.512772063412284496e+01 4.853625434145079254e+01 2.725010500829355919e+01 2.196211527656171825e+01 4.479729074179425652e+01 3.413749375380562157e+01 3.559901944630006909e+01 3.305817021963811442e+01 4.897801586906491167e+01 3.228118034412540993e+01 2.840479851423556212e+01 3.162415035713882361e+01 3.860688658585491595e+01 3.948731894595488967e+01 3.705983990292027386e+01 2.540790719281752530e+01 4.124084029785976924e+01 3.222084015528669454e+01 2.099604592593482977e+01 3.095109390808089600e+01 4.122434735988976229e+01 4.037616891351962067e+01 4.476266113383474021e+01 2.334833130917769495e+01 3.697398335494877131e+01 2.358326057631873240e+01
2.407986782240967116e+01 2.636149644588920893e+01 4.015662841794112126e+01 4.139048927005762835e+01 3.514510798876473530e+01 4.854320872969197609e+01 2.726153350258601549e+01 2.195335755741862727e+01 4.478986254466374106e+01 3.411968711631975282e+01 3.559951579337712246e+01 3.304952060986473583e+01 4.899338705675139494e+01 3.229661941825224858e+01 2.839159979637012654e+01 3.163998504815338109e+01 3.862059304291936712e+01 3.949259203172349686e+01 3.704160547452541863e+01 2.539880821375433229e+01 4.123863434693403462e+01 3.221006941378376354e+01 2.098347119330094301e+01 3.093557631532980068e+01 4.121426547594771961e+01 4.039531231343318041e+01 4.477249680120446129e+01 2.336092852987577118e+01 3.699256934148523612e+01 2.357115564483651937e+01
2.406735788906431139e+01 2.637481394372530730e+01 4.014126245603907250e+01 4.139092142945403907e+01 3.516091263322540073e+01 4.854936795402030469e+01 2.727192862731692458e+01 2.194536095622712679e+01 4.478304928058664558e+01 3.410359995801322697e+01 3.559997165254643647e+01 3.304158001688561086e+01 4.900736193787085426e+01 3.231063924607988724e+01 2.837955254368700864e+01 3.165443116926602229e+01 3.863300312696283356e+01 3.949732824196172487e+01 3.702522434063821066e+01 2.539043411426383301e+01 4.123665555506054403e+01 3.220025244790972607e+01 2.097213333657527912e+01 3.092151974082216626e+01 4.120509630433269166e+01 4.041277282881994637e+01 4.478138081826566719e+01 2.337240407269032616e+01 3.700949899939892163e+01 2.356012763168936885e+01
2.405607100774997420e+01 2.638694488231496749e+01 4.012725262718043950e+01 4.139130623100960804e+01 3.517530593466781141e+01 4.855493512371986498e+01 2.728138442658266882e+01 2.193815461355546148e+01 4.477679037673546247e+01 3.408904364981549406e+01 3.560032018258956299e+01 3.303434471174686848e+01 4.901999760644987703e+01 3.232341700620887082e+01 2.836869093774999229e+01 3.166755731150288966e+01 3.864428624558115644e+01 3.950161824295645374e+01 3.701028174846033636e+01 2.538288255486181555e+01 4.123475257863083954e+01 3.219131936115013559e+01 2.096185809811641931e+01 3.090873505822128564e+01 4.119674988382600134e+01 4.042864876169878130e+01 4.478938974026210218e+01 2.338286826303153987e+01 3.702489666597308826e+01 2.355013741773595370e+01
2.404583529962770427e+01 2.639798581468617300e+01 4.011454047070413509e+01 4.139159056255360269e+01 3.518839941739669541e+01 4.855995201864332245e+01 2.728996802312861547e+01 2.193157823232546733e+01 4.477110323360084720e+01 3.407580879008524022e+01 3.560060712496984792e+01 3.302778480809260486e+01 4.903147527085952362e+01 3.233503024142383708e+01 2.835880022663327082e+01 3.167951368514805921e+01 3.865450916060185449e+01 3.950546458238756742e+01 3.699677066232337097e+01 2.537600200663863603e+01 4.123301432569377312e+01 3.218319857953777330e+01 2.095255269344902516e+01 3.089718632777713836e+01 4.118911991939190642e+01 4.044308647528911393e+01 4.479665957539354082e+01 2.339238069057830316e+01 3.703891871303085281e+01 2.354110231557297439e+01
2.403654919561537184e+01 2.640803314602618457e+01 4.010302188364354947e+01 4.139183289362876650e+01 3.520029987560499762e+01 4.856446756076418581e+01 2.729777520827293102e+01 2.192562364000433561e+01 4.476589524648951368e+01 3.406383724375815802e+01 3.560085866841698987e+01 3.302178952899071618e+01 4.904188486498875221e+01 3.234558822758442886e+01 2.834983627451964949e+01 3.169038149398084059e+01 3.866379574185358337e+01 3.950895754616526290e+01 3.698450763122100682e+01 2.536974689962806906e+01 4.123141121031508760e+01 3.217580981294683795e+01 2.094412281031745593e+01 3.088667838811975486e+01 4.118219887929942047e+01 4.045622077215804069e+01 4.480322924695600761e+01 2.340104085669065981e+01 3.705166197156943042e+01 2.353288052617817172e+01
2.402813852590178456e+01 2.641716946106738817e+01 4.009253813767319485e+01 4.139203493136993472e+01 3.521112393258545126e+01 4.856856338051657929e+01 2.730486467364942627e+01 2.192021455473253511e+01 4.476115956650696148e+01 3.405295695576108983e+01 3.560106110195398088e+01 3.301635551865334151e+01 4.905132823909021766e+01 3.235518978538597423e+01 2.834170245991959547e+01 3.170026168388473664e+01 3.867222498596478175e+01 3.951210993648478365e+01 3.697336800907008580e+01 2.536407654137849121e+01 4.122992968239511669e+01 3.216909649962087059e+01 2.093647387585954434e+01 3.087715765425905090e+01 4.117588736826770912e+01 4.046815304591400064e+01 4.480918944063970599e+01 2.340891410301338738e+01 3.706325156654525443e+01 2.352543962644498876e+01
2.402049880428245743e+01 2.642547669440121183e+01 4.008303740956937844e+01 4.139220056530425751e+01 3.522095793607365266e+01 4.857225988156158536e+01 2.731130644393179097e+01 2.191529906315584952e+01 4.475684537863990897e+01 3.404309001091395004e+01 3.560124309569002321e+01 3.301140666869611096e+01 4.905990498090145735e+01 3.236391132221002920e+01 2.833431095359121343e+01 3.170924510949513930e+01 3.867987580213148391e+01 3.951496567163391660e+01 3.696327176486201438e+01 2.535891390345837948e+01 4.122858275760628288e+01 3.216299350326158901e+01 2.092953919795746742e+01 3.086851391003518330e+01 4.117015303039638496e+01 4.047900195070187834e+01 4.481459304716793923e+01 2.341607117992257869e+01 3.707378575220487704e+01 2.351867745413451871e+01
2.401357129300515325e+01 2.643302766534398529e+01 4.007440097411782887e+01 4.139234706421231635e+01 3.522989608828294195e+01 4.857561218792550761e+01 2.731715905495947538e+01 2.191084074319614672e+01 4.475291747787113650e+01 3.403413469022574844e+01 3.560139763894795806e+01 3.300690974052685078e+01 4.906768658487212065e+01 3.237183949305727282e+01 2.832760740407637456e+01 3.171740615177392542e+01 3.868682537674539645e+01 3.951755539220996383e+01 3.695409567297788556e+01 2.535423162693905041e+01 4.122734406887115455e+01 3.215744790456805902e+01 2.092324499852178832e+01 3.086066416310674398e+01 4.116493958691776101e+01 4.048885851392279278e+01 4.481949238693497506e+01 2.342257800891941244e+01 3.708335774156459763e+01 2.351254154920816575e+01
2.400728177459668089e+01 2.643988984055832603e+01 4.006656037301428341e+01 4.139247022276730092e+01 3.523801739805815458e+01 4.857864934441401061e+01 2.732247441449149861e+01 2.190678797512737219e+01 4.474934758618216790e+01 3.402600159918282685e+01 3.560153374534195336e+01 3.300282501365418142e+01 4.907475400339354366e+01 3.237904162363635407e+01 2.832151612388664574e+01 3.172482383374436665e+01 3.869313373148159485e+01 3.951990051209885735e+01 3.694577050872918278e+01 2.534997538263952066e+01 4.122621689235833031e+01 3.215240945711773435e+01 2.091753310898439011e+01 3.085354225887713042e+01 4.116019827785753904e+01 4.049781422333472136e+01 4.482394023700985741e+01 2.342848968595646397e+01 3.709205720737113410e+01 2.350697288832534682e+01
2.400157199413783715e+01 2.644612560493020936e+01 4.005944158757439766e+01 4.139257924073205430e+01 3.524539534513937156e+01 4.858140201413536374e+01 2.732730366962169910e+01 2.190310966587263408e+01 4.474609905746108751e+01 3.401862108357780556e+01 3.560165482447580843e+01 3.299911051344542301e+01 4.908117024527170003e+01 3.238558495323024999e+01 2.831598690139016128e+01 3.173156239388458388e+01 3.869886341510719774e+01 3.952202961528253411e+01 3.693820996336728513e+01 2.534610955353216966e+01 4.122518838178737610e+01 3.214783139046564742e+01 2.091234855951351790e+01 3.084707222956830108e+01 4.115589202154204429e+01 4.050595138265038742e+01 4.482797496632721845e+01 2.343386226176257381e+01 3.709996008506492871e+01 2.350191432416418635e+01
2.399638920318127333e+01 2.645179111304275210e+01 4.005297399194615338e+01 4.139267483324852748e+01 3.525209870766830988e+01 4.858390032579760032e+01 2.733168968492497086e+01 2.189976849004100856e+01 4.474314731256290401e+01 3.401191737676101212e+01 3.560176112413905969e+01 3.299573779067977597e+01 4.908699629909495599e+01 3.239152969175065522e+01 2.831096572798625743e+01 3.173768447380135527e+01 3.870406635608857471e+01 3.952396013561758537e+01 3.693134401395789723e+01 2.534259922596038450e+01 4.122425077169382490e+01 3.214367276871971058e+01 2.090764131954969329e+01 3.084119926463785433e+01 4.115197720363219958e+01 4.051334278977844860e+01 4.483163825053158291e+01 2.343874317500500126e+01 3.710714046207029071e+01 2.349732336236563413e+01
2.399168235657820247e+01 2.645693835302801489e+01 4.004710238384096499e+01 4.139275906074576028e+01 3.525818767355895034e+01 4.858616587096075534e+01 2.733567378657520308e+01 2.189673384700029146e+01 4.474046408159333765e+01 3.400583118481601730e+01 3.560185695894066527e+01 3.299267248900134319e+01 4.909228740498849675e+01 3.239692937391194505e+01 2.830640521356572492e+01 3.174324628370241896e+01 3.870879128111419476e+01 3.952571240358416560e+01 3.692511059732628098e+01 2.533940957132647398e+01 4.122339827844841409e+01 3.213989479358137658e+01 2.090336787673664176e+01 3.083586556387778543e+01 4.114842114252417105e+01 4.052005781584986721e+01 4.483496362210081543e+01 2.344317741752611184e+01 3.711366327931399667e+01 2.349315328169546646e+01
2.398740904286103870e+01 2.646161431848901557e+01 4.004176856852359379e+01 4.139283455491982977e+01 3.526371904299055160e+01 4.858822257263444300e+01 2.733929257017476289e+01 2.189397829505676540e+01 4.473802565746709092e+01 3.400030422972903921e+01 3.560194227341057882e+01 3.298988818198539263e+01 4.909709186803168279e+01 3.240183468258687327e+01 2.830226432992593999e+01 3.174829825842219932e+01 3.871308262747040629e+01 3.952730298410072862e+01 3.691944865196474979e+01 2.533651334589550785e+01 4.122262176033947867e+01 3.213646303002309423e+01 2.089948731219644529e+01 3.083102176679931006e+01 4.114519028566522252e+01 4.052615725549350856e+01 4.483798265249279069e+01 2.344720578995534055e+01 3.711958847803941808e+01 2.348936686207378699e+01
2.398352822944321616e+01 2.646586195635718042e+01 4.003692477429341068e+01 4.139290160806960728e+01 3.526874340511616879e+01 4.859008920779748308e+01 2.734257935808503603e+01 2.189147519940583919e+01 4.473581032704974803e+01 3.399528477636766155e+01 3.560201908914611124e+01 3.298735903053908203e+01 4.910145539066122922e+01 3.240629016565172549e+01 2.829850311990614387e+01 3.175288755129461293e+01 3.871697972723899284e+01 3.952874662954431528e+01 3.691430749943068435e+01 2.533388231782768685e+01 4.122191600931324729e+01 3.213334580604988133e+01 2.089596361220894849e+01 3.082662334120383107e+01 4.114225503346658996e+01 4.053169771073739724e+01 4.484072417591910664e+01 2.345086494080427286e+01 3.712497090130672461e+01 2.348592835768359421e+01
2.398000400948091482e+01 2.646972039381039110e+01 4.003252560231987900e+01 4.139296197646650199e+01 3.527330713061991929e+01 4.859178371049112855e+01 2.734556479553614139e+01 2.188920211848539665e+01 4.473379733932540603e+01 3.399072670657983508e+01 3.560208831538336938e+01 3.298506135801428485e+01 4.910541807895923938e+01 3.241033722494303504e+01 2.829508749141298907e+01 3.175705602651575532e+01 3.872051924744737761e+01 3.953005755659607701e+01 3.690963815985925578e+01 2.533149273561713599e+01 4.122127416173557179e+01 3.213051429906239065e+01 2.089276372793259284e+01 3.082262841056784453e+01 4.113958891725359734e+01 4.053673028271909828e+01 4.484321339569176246e+01 2.345418888714154804e+01 3.712985979931123381e+01 2.348280539510986742e+01
2.397680357364693648e+01 2.647322513992514104e+01 4.002852991547976558e+01 4.139301619440490043e+01 3.527745248024996982e+01 4.859332231878342867e+01 2.734827630635120954e+01 2.188713752779222688e+01 4.473196876640171382e+01 3.398658689478521922e+01 3.560215065318070060e+01 3.298297453645989208e+01 4.910901697119136600e+01 3.241401321213670172e+01 2.829198532861775917e+01 3.176084236155199747e+01 3.872373382287911880e+01 3.953124769010004513e+01 3.690539749665607872e+01 2.532932242796023914e+01 4.122069069782288864e+01 3.212794245686307448e+01 2.088985774614509694e+01 3.081900051630032067e+01 4.113716688443458480e+01 4.054130130070039684e+01 4.484547397913455313e+01 2.345720807235615624e+01 3.713430055932055751e+01 2.347996942547188581e+01
2.397389691314227989e+01 2.647640857904241685e+01 4.002490114231333962e+01 4.139306503776133184e+01 3.528121761779319598e+01 4.859471921554641227e+01 2.735073911668933277e+01 2.188526239794505912e+01 4.473030756975234823e+01 3.398282729308471062e+01 3.560220709122194194e+01 3.298107887895725554e+01 4.911228554041260708e+01 3.241735201944831601e+01 2.828916784641961257e+01 3.176428150622777125e+01 3.872665336865352259e+01 3.953232843617666958e+01 3.690154623615961782e+01 2.532735109106474169e+01 4.122016052697296118e+01 3.212560643272772865e+01 2.088721868505583146e+01 3.081570554919833782e+01 4.113496696951754217e+01 4.054545319431692718e+01 4.484752683102973236e+01 2.345995045146516844e+01 3.713833407253688534e+01 2.347739364940668239e+01
2.397125718934232097e+01 2.647930009783057770e+01 4.002160520060752447e+01 4.139310918318660981e+01 3.528463747120881777e+01 4.859598774866658033e+01 2.735297598701102118e+01 2.188355937949996033e+01 4.472879856987600533e+01 3.397941275598003585e+01 3.560225807292044209e+01 3.297935710447523405e+01 4.911525404039740295e+01 3.242038464310547852e+01 2.828660901692482810e+01 3.176740520486334063e+01 3.872930500382219066e+01 3.953330983904843521e+01 3.689804832509295807e+01 2.532556070609492593e+01 4.121967866286050253e+01 3.212348466450632145e+01 2.088482190142678974e+01 3.081271301812872210e+01 4.113296870058673704e+01 4.054922423790045372e+01 4.484939113811286404e+01 2.346244136139787884e+01 3.714199766374465383e+01 2.347505437455863131e+01
2.396885973757005317e+01 2.648192643405011992e+01 4.001861176268374720e+01 4.139314903897184905e+01 3.528774362669977904e+01 4.859713965286058368e+01 2.735500763432114724e+01 2.188201257718705151e+01 4.472742788340603681e+01 3.397631159879387042e+01 3.560230425904821772e+01 3.297779322560339210e+01 4.911795013428712764e+01 3.242313906270155854e+01 2.828428494407977922e+01 3.177024242634000828e+01 3.873171327212332926e+01 3.953420104514184175e+01 3.689487153263150532e+01 2.532393451173005161e+01 4.121924090281091679e+01 3.212155750621251826e+01 2.088264515911614438e+01 3.080999517368569940e+01 4.113115365056006567e+01 4.055264939312959882e+01 4.485108427996750891e+01 2.346470380176654658e+01 3.714532524490305576e+01 2.347292979411617964e+01
2.396668234506183381e+01 2.648431188468288155e+01 4.001589298512206483e+01 4.139318513257914134e+01 3.529056485123945919e+01 4.859818572696973860e+01 2.735685290145754323e+01 2.188060773887240629e+01 4.472618281386844785e+01 3.397349508719145206e+01 3.560234610054340720e+01 3.297637275437055848e+01 4.912039877396799881e+01 3.242564082256019731e+01 2.828217417555471869e+01 3.177281937314451099e+01 3.873390056458357833e+01 3.953501041667237104e+01 3.689198623067431981e+01 2.532245752939016725e+01 4.121884315800847531e+01 3.211980711609837158e+01 2.088066821543508667e+01 3.080752670355041190e+01 4.112950507663325794e+01 4.055576035127455725e+01 4.485262195126198748e+01 2.346675874126745143e+01 3.714834757469088089e+01 2.347100017325940868e+01
2.396470479094470818e+01 2.648647852066164887e+01 4.001342364860573042e+01 4.139321780429935416e+01 3.529312727441648434e+01 4.859913573134974740e+01 2.735852886173608312e+01 2.187933178314769123e+01 4.472505191812401648e+01 3.397093701189264436e+01 3.560238401702348909e+01 3.297508259867237257e+01 4.912262270860777846e+01 3.242791307633158482e+01 2.828025707891119822e+01 3.177515993396264804e+01 3.873588713383188065e+01 3.953574544151693715e+01 3.688936570552917260e+01 2.532111605232756446e+01 4.121848182240134406e+01 3.211821729638031542e+01 2.087887271153425317e+01 3.080528478559156724e+01 4.112800767613591546e+01 4.055858590966055033e+01 4.485401848565808081e+01 2.346862517269304860e+01 3.715109266620306272e+01 2.346924765547421998e+01
2.396290870554448205e+01 2.648844640511129711e+01 4.001118090636480673e+01 4.139324740863142438e+01 3.529545461330175016e+01 4.859999848152611435e+01 2.736005106055899461e+01 2.187817290295335582e+01 4.472402471089927189e+01 3.396861369567429989e+01 3.560241841177163735e+01 3.297391076649682162e+01 4.912464256253987571e+01 3.242997686502057775e+01 2.827851588876886879e+01 3.177728577406400845e+01 3.873769141498883073e+01 3.953641298780326707e+01 3.688698565222463088e+01 2.531989763610429733e+01 4.121815358401055107e+01 3.211677331490050591e+01 2.087724199036649253e+01 3.080324857394665372e+01 4.112664763456083250e+01 4.056115225639887001e+01 4.485528682628601871e+01 2.347032039015782345e+01 3.715358592119771686e+01 2.346765593522663451e+01
2.396127744662050674e+01 2.649023375836125638e+01 4.000914392032667166e+01 4.139327424944617206e+01 3.529756843919905407e+01 4.860078202897939548e+01 2.736143359593347313e+01 2.187712035460844007e+01 4.472309170849225524e+01 3.396650356010146510e+01 3.560244960162980732e+01 3.297284643712747254e+01 4.912647706037558493e+01 3.243185131797515197e+01 2.827693446889055195e+01 3.177921658170620844e+01 3.873933013679564397e+01 3.953701924738623319e+01 3.688482397309378058e+01 2.531879101425588630e+01 4.121785540476584941e+01 3.211546180192962652e+01 2.087576091163531800e+01 3.080139920487599525e+01 4.112541233816598663e+01 4.056348314973304525e+01 4.485643875803819469e+01 2.347186008970118110e+01 3.715585044065533538e+01 2.346621028049541380e+01
2.395979586769789549e+01 2.649185713664181918e+01 4.000729383833558472e+01 4.139329858395307582e+01 3.529948832773721534e+01 4.860149363820062973e+01 2.736268928166247960e+01 2.187616437227124777e+01 4.472224427718914086e+01 3.396458704481845814e+01 3.560247790393661660e+01 3.297187974090949325e+01 4.912814322460452843e+01 3.243355379193200605e+01 2.827549814209445600e+01 3.178097025070821147e+01 3.874081848779255921e+01 3.953756985292859127e+01 3.688286065050227336e+01 2.531778591133380729e+01 4.121758455632378570e+01 3.211427060541975465e+01 2.087441574234903641e+01 3.079971952873275853e+01 4.112429035615969042e+01 4.056560019409853624e+01 4.485748497098914811e+01 2.347325853112229765e+01 3.715790720311750306e+01 2.346489727175174167e+01
2.395845023694434772e+01 2.649333157860032983e+01 4.000561349733571603e+01 4.139332066032712021e+01 3.530123207077812708e+01 4.860213992639844349e+01 2.736382975653057770e+01 2.187529610439987948e+01 4.472147456927412179e+01 3.396284638236215869e+01 3.560250358532355364e+01 3.297100172382592120e+01 4.912965649601756013e+01 3.243510006794414124e+01 2.827419360529708570e+01 3.178256302265544875e+01 3.874217027204347374e+01 3.953806992112131269e+01 3.688107746306839374e+01 2.531687302469453371e+01 4.121733852768080197e+01 3.211318868928467651e+01 2.087319400380674850e+01 3.079819396434608691e+01 4.112327129904966228e+01 4.056752300207838147e+01 4.485843516721593005e+01 2.347452867361273832e+01 3.715977526139258202e+01 2.346370473602067008e+01
2.395722807478361815e+01 2.649467074451604987e+01 4.000408732365688280e+01 4.139334068663094257e+01 3.530281582634007975e+01 4.860272689310566108e+01 2.736486558809628278e+01 2.187450749598951560e+01 4.472077546432014117e+01 3.396126542722571173e+01 3.560252689164735074e+01 3.297020425644412001e+01 4.913103090961612196e+01 3.243650447220947797e+01 2.827300875793857671e+01 3.178400966036494779e+01 3.874339801729462351e+01 3.953852408824042897e+01 3.687945788777401646e+01 2.531604388998067634e+01 4.121711505253113472e+01 3.211220602976122507e+01 2.087208436715027915e+01 3.079680837703412166e+01 4.112234572235584551e+01 4.056926939137473909e+01 4.485929816548531335e+01 2.347568228225424392e+01 3.716147192845090785e+01 2.346262162106703286e+01
2.395611804877361806e+01 2.649588704353615043e+01 4.000270117510886081e+01 4.139335885788449332e+01 3.530425426978635528e+01 4.860325998369040690e+01 2.736580637863132281e+01 2.187379124091653537e+01 4.472014048436695788e+01 3.395982952916029518e+01 3.560254804622440616e+01 3.296947994508638402e+01 4.913227920639223356e+01 3.243778001973618075e+01 2.827193261954428749e+01 3.178532356768335987e+01 3.874451310717119412e+01 3.953893657232196546e+01 3.687798690934322110e+01 2.531529082279715226e+01 4.121691206499679083e+01 3.211131352053996579e+01 2.087107654452299244e+01 3.079554991585175472e+01 4.112150505636186182e+01 4.057085554756339718e+01 4.486008196632855771e+01 2.347673004846930311e+01 3.716301292436758530e+01 2.346163788077680223e+01
2.395510987022755600e+01 2.649699174632385734e+01 4.000144219898847808e+01 4.139337534732130308e+01 3.530556073323086252e+01 4.860374414745056271e+01 2.736666084677253252e+01 2.187314069976753217e+01 4.471956375060693745e+01 3.395852537344324418e+01 3.560256724673136119e+01 3.296882208235908251e+01 4.913341295860156777e+01 3.243893853275486805e+01 2.827095521536283940e+01 3.178651692117574967e+01 3.874552587814640248e+01 3.953931119816963502e+01 3.687665089033485089e+01 2.531460684625668733e+01 4.121672768671275833e+01 3.211050289189337548e+01 2.087016119134816705e+01 3.079440691820978060e+01 4.112074150946519069e+01 4.057229616885274481e+01 4.486079383994404424e+01 2.347768168103276665e+01 3.716441253115751664e+01 2.346074439966351477e+01
2.395419419136931083e+01 2.649799509060687086e+01 4.000029873015746062e+01 4.139339031069292929e+01 3.530674732382957615e+01 4.860418387383756311e+01 2.736743691269989043e+01 2.187254984239625344e+01 4.471903992025559660e+01 3.395734087256980871e+01 3.560258467578515962e+01 3.296822457071583301e+01 4.913444267772730711e+01 3.243999074732317212e+01 2.827006748448538431e+01 3.178760078107192300e+01 3.874644571826639350e+01 3.953965144123633735e+01 3.687543744956310832e+01 2.531398561927943547e+01 4.121656021412824344e+01 3.210976663160759159e+01 2.086932982265443215e+01 3.079336878858090643e+01 4.112004800842957764e+01 4.057360460805243463e+01 4.486144038698503778e+01 2.347854599906130346e+01 3.716568371973584561e+01 2.345993289364243140e+01
2.395336252525375187e+01 2.649890637502147683e+01 3.999926016860386113e+01 4.139340389053987224e+01 3.530782503962505103e+01 4.860458324271017005e+01 2.736814176971481771e+01 2.187201319357432894e+01 4.471856414043752892e+01 3.395626504712492277e+01 3.560260049632408652e+01 3.296768187387660731e+01 4.913537790866250532e+01 3.244094641645519772e+01 2.826926120019638233e+01 3.178858519201777710e+01 3.874728115488846214e+01 3.953996045749187260e+01 3.687433533751184456e+01 2.531342138607134018e+01 4.121640809613402467e+01 3.210909791689660153e+01 2.086857473136501540e+01 3.079242590397721813e+01 4.111941812732978008e+01 4.057479299160613806e+01 4.486202760202233719e+01 2.347933101321003591e+01 3.716683827135172891e+01 2.345919584125720192e+01
2.395260716254508893e+01 2.649973404537253074e+01 3.999831688927940121e+01 4.139341621421991846e+01 3.530880386927884729e+01 4.860494595780505023e+01 2.736878195093495236e+01 2.187152577875327708e+01 4.471813200392676890e+01 3.395528792475295887e+01 3.560261485697832740e+01 3.296718896328372495e+01 4.913622732179146624e+01 3.244181439744512829e+01 2.826852888852098644e+01 3.178947927841198151e+01 3.874803993190639062e+01 3.954024111227226257e+01 3.687333434021905987e+01 2.531290891686213129e+01 4.121626992565412451e+01 3.210849055080004177e+01 2.086788891833302628e+01 3.079156952591412733e+01 4.111884602922301468e+01 4.057587233421791950e+01 4.486256093005143697e+01 2.348004399876087689e+01 3.716788688717068112e+01 2.345852641112900727e+01
