4.100000000000000000e+01 3.000000000000000000e+01 4.100000000000000000e+01 3.600000000000000000e+01 4.300000000000000000e+01 2.300000000000000000e+01 3.800000000000000000e+01 4.100000000000000000e+01 3.000000000000000000e+01 3.300000000000000000e+01 3.100000000000000000e+01 3.500000000000000000e+01 3.600000000000000000e+01 4.100000000000000000e+01 3.400000000000000000e+01 3.800000000000000000e+01 3.600000000000000000e+01 3.800000000000000000e+01 4.800000000000000000e+01 2.800000000000000000e+01 3.200000000000000000e+01 2.500000000000000000e+01 3.000000000000000000e+01 3.000000000000000000e+01 1.800000000000000000e+01 2.400000000000000000e+01 3.500000000000000000e+01 3.400000000000000000e+01 4.300000000000000000e+01 3.800000000000000000e+01
3.699369072446279461e+01 3.762485099904006347e+01 3.300286945991683751e+01 3.240105576725909486e+01 3.116460606704640668e+01 3.417601674990510219e+01 3.880687507074617315e+01 3.489243441877624718e+01 2.928878404339775443e+01 3.589082250349747483e+01 3.014900727109852596e+01 3.458617688948288560e+01 3.441893516720301704e+01 3.736196680939610815e+01 3.513251217674405780e+01 3.548806473577133147e+01 3.608063807130383793e+01 2.869612645151210018e+01 3.372771895168989431e+01 3.551150022643560078e+01 3.260535161694133421e+01 2.933961781756079290e+01 3.627800798900716472e+01 3.409160094595790724e+01 3.108828405380700133e+01 4.031739149636268849e+01 3.375080360331776319e+01 3.770770869481202681e+01 3.147516787419954198e+01 3.999274083592172246e+01
3.461360688251073725e+01 3.439043791574908226e+01 3.481184499747671168e+01 3.211132637900666253e+01 3.726410737499001868e+01 3.269672085828797492e+01 3.317853092984788788e+01 3.610990385995404495e+01 3.158270086252208131e+01 3.702429232795837777e+01 3.324086420447106605e+01 3.235013998093553766e+01 3.504914051601392799e+01 3.430079103673954677e+01 3.322975425547617334e+01 3.706267286692413876e+01 3.401290341467814216e+01 3.394502507227283417e+01 3.471745410030100487e+01 3.229215113093479061e+01 3.208610950147914309e+01 3.155871732050311351e+01 3.602259328644673531e+01 3.431548258181128830e+01 3.261857439385401136e+01 3.509428955380949589e+01 3.304181574271790112e+01 3.435459724531555992e+01 3.770683279437492530e+01 3.381375542298265202e+01
3.521517687616983494e+01 3.609733331282657787e+01 3.334336462849130100e+01 3.261815655612911513e+01 3.516951810976280512e+01 3.381329823693702963e+01 3.547145313968020020e+01 3.329619283456401746e+01 3.346202842967491620e+01 3.399199740015257021e+01 3.253507571482716543e+01 3.351741349186951879e+01 3.372333435657559875e+01 3.613090046686377832e+01 3.372813099968593065e+01 3.439599817955455308e+01 3.454528341888823206e+01 3.286325724242733060e+01 3.498179227925781021e+01 3.345102324013103612e+01 3.298919318504830045e+01 3.266958962910489817e+01 3.496168686784309187e+01 3.550197355359893692e+01 3.216916707475883186e+01 3.530789927149083951e+01 3.384619887102787317e+01 3.641431308300665393e+01 3.434161494633145395e+01 3.487267659865036507e+01
3.445216830671351715e+01 3.513169158587838581e+01 3.369590630827688216e+01 3.335140922974616728e+01 3.478908478138270510e+01 3.341671568347035048e+01 3.467392163179044928e+01 3.443425588604119980e+01 3.274152164056810221e+01 3.492792714889186811e+01 3.350136901892913244e+01 3.329083296747107568e+01 3.429355209162342533e+01 3.429848740660342798e+01 3.455460784186696799e+01 3.579914087959904379e+01 3.402072371072677726e+01 3.394495060718961099e+01 3.363082656334550080e+01 3.384769217208449987e+01 3.300519281244069703e+01 3.299271604631333332e+01 3.481328771097238928e+01 3.360109770459002476e+01 3.347591825542593824e+01 3.564779106924756746e+01 3.354527566537841921e+01 3.473362397409601243e+01 3.527730745332947038e+01 3.421687765405684445e+01
3.417596432837790132e+01 3.506560624175018148e+01 3.404865066556742903e+01 3.328987517270187624e+01 3.520569883795766941e+01 3.381241495596879076e+01 3.439115477262220111e+01 3.367012205095168298e+01 3.369177708363646673e+01 3.406133124560956560e+01 3.342313774649350933e+01 3.347747427807895804e+01 3.401549546240986643e+01 3.506413761260395745e+01 3.352485673016801115e+01 3.466974150954433753e+01 3.423143346473570148e+01 3.347542115723713607e+01 3.443717020804029971e+01 3.339458897853106834e+01 3.365698883707405287e+01 3.343908121897698038e+01 3.444325675796002173e+01 3.431942655034584533e+01 3.322359538755008401e+01 3.450876039772685289e+01 3.414547616188701085e+01 3.521899083032786137e+01 3.494660521476181714e+01 3.386843033263988900e+01
3.421681424776127756e+01 3.495043337674455586e+01 3.360616515148667816e+01 3.376922438279672889e+01 3.444230920094310733e+01 3.390034030973768608e+01 3.470985860937972944e+01 3.382089404146073264e+01 3.348874437563265616e+01 3.401440707093157556e+01 3.368207654329547296e+01 3.381554949079395556e+01 3.412909975030511589e+01 3.455147234479926510e+01 3.409392382839686064e+01 3.489803532207629644e+01 3.419940734204988786e+01 3.395033334271791858e+01 3.375054515723975612e+01 3.395844995021089119e+01 3.348797489159370855e+01 3.354794965870813428e+01 3.418239440362742698e+01 3.392663213647663412e+01 3.357696800699152817e+01 3.504785298650405423e+01 3.378785997160739640e+01 3.479531845956321945e+01 3.454215851072099497e+01 3.419870346089494717e+01
3.390713061616545332e+01 3.466169606107347079e+01 3.396014148813438283e+01 3.368455097660896058e+01 3.475133880961521271e+01 3.388786413412536547e+01 3.427368398686336093e+01 3.395922081909924373e+01 3.372356630440238234e+01 3.409005038527815401e+01 3.383220978105899945e+01 3.364039946889025146e+01 3.417602887789389143e+01 3.453545632379137942e+01 3.379981271135321208e+01 3.467533275474987420e+01 3.415951201194424414e+01 3.389629888636635968e+01 3.394525994244705203e+01 3.366032726382099582e+01 3.383695674095566375e+01 3.366591539490408991e+01 3.410679639212606418e+01 3.384653118201876509e+01 3.372201230422533769e+01 3.451216519793216264e+01 3.412897282451200454e+01 3.466282704222611954e+01 3.474426294792526448e+01 3.377178480266769611e+01
3.398538517429432204e+01 3.466088079374633679e+01 3.377866994300227077e+01 3.389038080467921787e+01 3.444584246417782225e+01 3.404963233649884558e+01 3.446955684587118895e+01 3.374089054963651790e+01 3.383409501857988744e+01 3.381799749393351817e+01 3.383039108027800523e+01 3.389059868414292964e+01 3.412633955678591491e+01 3.451572299840532310e+01 3.383771138156629377e+01 3.452560471657913155e+01 3.423052528991595977e+01 3.396365968946371083e+01 3.392255080759618835e+01 3.385798242981960726e+01 3.380626551285845949e+01 3.376024753495458697e+01 3.395873846796684603e+01 3.398482259334344491e+01 3.369741700564759412e+01 3.459177621300219840e+01 3.403083227009778966e+01 3.463238250909274285e+01 3.441944012181864565e+01 3.396656686927419599e+01
3.388730996219817371e+01 3.449833453022894503e+01 3.385807563333486314e+01 3.391220445422322172e+01 3.445487102178331185e+01 3.400220642237182034e+01 3.430961266139988197e+01 3.393536823818605797e+01 3.381064572999085271e+01 3.395963616532179685e+01 3.396661190253220752e+01 3.382992019533313055e+01 3.419507836778750232e+01 3.436883109048144291e+01 3.391112471991634436e+01 3.452670190125224536e+01 3.417692752899512953e+01 3.405515347997493336e+01 3.381371678520752511e+01 3.385331911249012649e+01 3.390060453606204760e+01 3.379028153380049559e+01 3.393863926338714521e+01 3.380287637472363116e+01 3.386377931845827760e+01 3.447752325673679508e+01 3.409166405355443175e+01 3.446392372302729257e+01 3.448700092958960539e+01 3.386552595936032617e+01
3.388094559558197716e+01 3.446131166105993060e+01 3.388191405699829772e+01 3.395357133391432569e+01 3.439984288374353838e+01 3.407435098810296381e+01 3.431332344060295014e+01 3.383633747111588264e+01 3.393173438513307616e+01 3.385367104305254315e+01 3.395412944533481436e+01 3.389901579797604825e+01 3.415884299608990915e+01 3.439247391718912183e+01 3.382051457178148723e+01 3.439619741536375130e+01 3.420667512805977850e+01 3.402555745001457410e+01 3.392358304227062149e+01 3.384577035959888747e+01 3.395296645311709227e+01 3.384995363830154957e+01 3.389669260720645383e+01 3.391616137258107244e+01 3.383360231599996837e+01 3.439317023443560828e+01 3.412348356560929119e+01 3.445767489673882267e+01 3.437771374692733417e+01 3.386387920369057980e+01
3.389072237016139155e+01 3.439659779836588882e+01 3.385782168072847043e+01 3.400359741654064294e+01 3.432986036615909597e+01 3.407203341130487217e+01 3.429201637595787133e+01 3.389225724596580847e+01 3.391132646558921238e+01 3.388098737309437780e+01 3.400784864785384798e+01 3.392938738955248823e+01 3.417772911518478196e+01 3.431180744183171072e+01 3.390668985742579622e+01 3.438740850302392005e+01 3.418810227872116769e+01 3.408624590866956794e+01 3.384981587993558350e+01 3.391471126321460616e+01 3.395913549989116120e+01 3.387067325744078516e+01 3.388184481100162060e+01 3.386477391225906786e+01 3.390337212066035733e+01 3.438440417899241908e+01 3.410207693012030461e+01 3.437353078330973233e+01 3.434294009604240472e+01 3.390257874841990571e+01
3.387088781228560208e+01 3.434887624267421558e+01 3.391010766792043540e+01 3.400570371364374012e+01 3.432283251501029753e+01 3.408279894629266948e+01 3.424883439358771398e+01 3.390423082133741417e+01 3.395940937806100379e+01 3.389060127497031516e+01 3.402127596537602017e+01 3.393015134265055366e+01 3.416941924292256516e+01 3.429820030548199128e+01 3.387493036320737616e+01 3.432874375998022742e+01 3.418398250945494965e+01 3.407552458126338735e+01 3.389848600973459014e+01 3.389250474740529029e+01 3.400335694972098111e+01 3.389944329742222351e+01 3.388429947025796451e+01 3.388412771401753076e+01 3.391967095267924037e+01 3.431373749529316086e+01 3.413275028361578478e+01 3.434272519021311609e+01 3.431893710231026517e+01 3.387002014689375073e+01
3.389414733004400659e+01 3.431879555931452330e+01 3.389824295306515722e+01 3.403402692876335323e+01 3.427403516571688868e+01 3.409472673824750188e+01 3.424690809651551149e+01 3.390010749485045949e+01 3.397249766411787419e+01 3.387819082613981436e+01 3.403185075570817020e+01 3.396586415310417806e+01 3.416313103402112006e+01 3.426842945130286466e+01 3.390201280275903173e+01 3.429969620745626457e+01 3.417946655523396515e+01 3.408995211578600504e+01 3.389785557862301602e+01 3.393140811794582845e+01 3.400535366683256910e+01 3.392013595419444982e+01 3.388071086117228248e+01 3.390423695614306610e+01 3.393503755187376925e+01 3.430075277927182498e+01 3.411839582500250856e+01 3.430802138954962288e+01 3.427482165094799882e+01 3.390804282394423552e+01
3.389326509848770286e+01 3.428322980147210330e+01 3.392333527068111465e+01 3.403853881231371048e+01 3.425955371542954708e+01 3.409113554518552291e+01 3.421758027193676099e+01 3.393153773654522354e+01 3.398218498464660797e+01 3.390657952369684836e+01 3.404745649269885632e+01 3.396639991680809345e+01 3.416114105389228683e+01 3.424297673007669829e+01 3.391580339308912073e+01 3.427463692336669254e+01 3.416815134833279899e+01 3.409474631793735711e+01 3.390408304536165218e+01 3.393637119615134878e+01 3.402298656686856759e+01 3.393512341391853937e+01 3.389198821806896689e+01 3.389883188979340645e+01 3.396049647497468982e+01 3.426615329474924465e+01 3.412418854975057059e+01 3.427559856654707460e+01 3.426154343419040771e+01 3.390403002979564206e+01
3.390703142023885164e+01 3.426142178222387713e+01 3.393318219752370624e+01 3.404733565880545854e+01 3.423544601327168380e+01 3.409683793127461371e+01 3.420749747231991478e+01 3.392978926781093918e+01 3.400016756789991490e+01 3.390472935616183747e+01 3.404926040475629634e+01 3.398338386916127973e+01 3.415184027971652370e+01 3.422816540309453615e+01 3.391975838707119095e+01 3.424742939179959933e+01 3.416320285362631637e+01 3.409273885661657744e+01 3.392541652571055266e+01 3.394852126758674871e+01 3.403089751013948216e+01 3.395136686607111187e+01 3.389900715803597109e+01 3.392357680391867092e+01 3.396606416419128038e+01 3.424508380184335010e+01 3.412141575316690734e+01 3.425564664416127414e+01 3.423439131601081442e+01 3.391917120215038040e+01
3.391821306551069881e+01 3.423853893570188234e+01 3.394231656477210635e+01 3.405367255320185649e+01 3.421721974659536869e+01 3.409463658650152240e+01 3.419246506769472660e+01 3.394780638163371833e+01 3.400370376716436738e+01 3.392151603629999812e+01 3.405679119853448356e+01 3.399169338547343244e+01 3.414742712750790332e+01 3.420819533561483183e+01 3.393932126567266749e+01 3.423082423330898649e+01 3.415417965317288918e+01 3.409656790440116936e+01 3.392789934557357157e+01 3.396326656272669453e+01 3.403577286559735882e+01 3.396229146767846885e+01 3.390994205398279604e+01 3.392691183192910387e+01 3.398188584590845096e+01 3.422724224729065412e+01 3.411702252844123251e+01 3.423239138759580413e+01 3.421874125313600956e+01 3.393194275734803256e+01
3.392750363008246239e+01 3.422047785895561844e+01 3.395650270657809244e+01 3.405575604430646308e+01 3.420305788002587377e+01 3.409425674734237077e+01 3.417964752526626171e+01 3.395633382731152494e+01 3.401413354457815785e+01 3.393151072082619635e+01 3.405903031926038693e+01 3.399840945196874742e+01 3.414043698211632005e+01 3.419551976483182187e+01 3.394476232497109436e+01 3.421184872910475150e+01 3.414742998836373289e+01 3.409377809045812313e+01 3.394414395265702211e+01 3.396909491618011856e+01 3.404265310056629801e+01 3.397351965636387661e+01 3.392119201856916533e+01 3.394078725692456544e+01 3.398953515677248305e+01 3.420861750921405786e+01 3.411575840220663025e+01 3.421614591269952399e+01 3.420294696855924599e+01 3.393919760548748599e+01
3.394005471239741922e+01 3.420474615365507276e+01 3.396343723644513091e+01 3.405964287947966795e+01 3.418800697732972793e+01 3.409327466857825328e+01 3.416981347604173180e+01 3.396507889815777048e+01 3.401922932241473063e+01 3.394098531373484207e+01 3.406122374889909565e+01 3.400712943327165760e+01 3.413449347472334949e+01 3.418204862846200598e+01 3.395750708062061562e+01 3.419765449935499646e+01 3.414062278908803449e+01 3.409349887882371632e+01 3.395220223061627252e+01 3.398076055411151231e+01 3.404500675451642877e+01 3.398268077375186635e+01 3.393152472095508898e+01 3.395118659171252773e+01 3.399762847900075968e+01 3.419553493224412932e+01 3.411100888241845297e+01 3.420038107905559599e+01 3.418853806055755484e+01 3.395258746493111346e+01
3.394918218755726258e+01 3.419044694460632883e+01 3.397409996170323154e+01 3.406080245651595106e+01 3.417678344294285608e+01 3.409115476412661394e+01 3.415914919603842037e+01 3.397561331668676843e+01 3.402425372308995577e+01 3.395298116330796745e+01 3.406324050275140536e+01 3.401174519801318041e+01 3.412897094053881375e+01 3.417072918260461734e+01 3.396646298291232569e+01 3.418444608080052660e+01 3.413398805576876072e+01 3.409191758156062946e+01 3.396202499844424239e+01 3.398741838352844979e+01 3.404867693666874118e+01 3.399074439035688044e+01 3.394264317427488464e+01 3.395967287377933275e+01 3.400536962707650446e+01 3.418191622693272791e+01 3.410824538780659765e+01 3.418683874720279903e+01 3.417716231368691382e+01 3.396035175089643587e+01
3.395951247303970177e+01 3.417838232980830071e+01 3.398178256929477214e+01 3.406230487324690870e+01 3.416566550126245261e+01 3.408984169432880407e+01 3.415082468987557007e+01 3.398227629920172177e+01 3.402925856716504427e+01 3.396119046480248471e+01 3.406383921081621224e+01 3.401781791278278888e+01 3.412336694667348524e+01 3.416083383444785682e+01 3.397471755723764630e+01 3.417265870337153189e+01 3.412823224032980107e+01 3.408997235350862809e+01 3.397173510592812562e+01 3.399495131502982304e+01 3.405086525893379701e+01 3.399819079419793155e+01 3.395249446998631981e+01 3.397013255018917022e+01 3.401070643556120388e+01 3.417083671584417459e+01 3.410476613191789141e+01 3.417515327958227545e+01 3.416589299080371944e+01 3.397016901113786247e+01
3.396852407008714891e+01 3.416730799711228173e+01 3.398929711279011201e+01 3.406329003248178111e+01 3.415616000765569282e+01 3.408787831577982530e+01 3.414271063642500081e+01 3.399060492711262782e+01 3.403252054548033811e+01 3.397095561199147085e+01 3.406485558711113271e+01 3.402226913398643404e+01 3.411851173973241913e+01 3.415157308898432120e+01 3.398352698833510033e+01 3.416252765178791151e+01 3.412259989535680660e+01 3.408853933872580910e+01 3.397917813582038349e+01 3.400172893011422559e+01 3.405265950785862827e+01 3.400452218468379328e+01 3.396216733825633582e+01 3.397761591163222050e+01 3.401664927759410517e+01 3.416072148472063219e+01 3.410146566779340560e+01 3.416438089720167426e+01 3.415651947983213432e+01 3.397849009224309924e+01
3.397689451469102551e+01 3.415760325099159900e+01 3.399649597305725024e+01 3.406379276511316334e+01 3.414763298906076727e+01 3.408620404231096757e+01 3.413553860879117963e+01 3.399706552511661073e+01 3.403621535900870754e+01 3.397900420734397642e+01 3.406521592635029805e+01 3.402639005384734361e+01 3.411380641668920077e+01 3.414359386299902610e+01 3.399031512467304594e+01 3.415315486175623505e+01 3.411757519340923039e+01 3.408660094035412413e+01 3.398745479304523087e+01 3.400727840642603184e+01 3.405441433189417211e+01 3.401040301863922366e+01 3.397109316369910914e+01 3.398584665380496972e+01 3.402117831869447429e+01 3.415157488618688575e+01 3.409860523123824549e+01 3.415504622099723520e+01 3.414785165881203710e+01 3.398595102545335322e+01
3.398488924431573110e+01 3.414887324314268113e+01 3.400249867233137024e+01 3.406438907411799732e+01 3.413983740715169546e+01 3.408456865930963176e+01 3.412911668718682279e+01 3.400328726966881732e+01 3.403899893431656665e+01 3.398664176325767983e+01 3.406554327266896820e+01 3.403028752780108590e+01 3.410954245195175361e+01 3.413623008867577369e+01 3.399742293476899135e+01 3.414493834765432467e+01 3.411292246820784158e+01 3.408501410800759857e+01 3.399415630880336892e+01 3.401295359713927979e+01 3.405557122193832953e+01 3.401558418993369060e+01 3.397932469234046948e+01 3.399288436080986742e+01 3.402549477323323401e+01 3.414355003519680309e+01 3.409565953932431626e+01 3.414653634154610984e+01 3.414008840607585427e+01 3.399335956248697244e+01
3.399195928961557911e+01 3.414101252037081480e+01 3.400843463832089242e+01 3.406464386257707133e+01 3.413294927859647032e+01 3.408293954622152455e+01 3.412318928546638830e+01 3.400908695628025669e+01 3.404161123515690690e+01 3.399384103113693811e+01 3.406579074131516904e+01 3.403348814932808608e+01 3.410563309691137590e+01 3.412965014844071732e+01 3.400348866871362219e+01 3.413747601751529714e+01 3.410864606429802848e+01 3.408340343433439301e+01 3.400067082698126342e+01 3.401764608992490935e+01 3.405676343807988360e+01 3.402026933845127132e+01 3.398701192084166678e+01 3.399934944760655497e+01 3.402936441816557078e+01 3.413618660145625938e+01 3.409309682695936772e+01 3.413892950765023215e+01 3.413316502045955758e+01 3.399964556502893487e+01
3.399864028886455003e+01 3.413396875004005437e+01 3.401357036998285821e+01 3.406490929238402288e+01 3.412665223722171959e+01 3.408150195317989528e+01 3.411790888412734546e+01 3.401410035391511855e+01 3.404397360343530465e+01 3.400015634314931390e+01 3.406587099654228723e+01 3.403659576969625533e+01 3.410201759887281270e+01 3.412371275281647343e+01 3.400911522861532887e+01 3.413075569837761947e+01 3.410477212823276716e+01 3.408187251980423582e+01 3.400658718209356124e+01 3.402212050967711576e+01 3.405768755322704777e+01 3.402451578101250362e+01 3.399399780646955804e+01 3.400545886908255255e+01 3.403271376756959654e+01 3.412962173538639377e+01 3.409066160555513392e+01 3.413208617224488250e+01 3.412684208318884771e+01 3.400570877582266149e+01
3.400465927393572230e+01 3.412758920331900470e+01 3.401834006399680987e+01 3.406508494409401067e+01 3.412099297956785193e+01 3.408010307924764959e+01 3.411307927355701963e+01 3.401890160145796926e+01 3.404598453812432268e+01 3.400616010813794787e+01 3.406597888704167332e+01 3.403927437658277455e+01 3.409874399414790247e+01 3.411831665805851799e+01 3.401432142770038780e+01 3.412470884782044322e+01 3.410121099728244332e+01 3.408050042792751100e+01 3.401187077401657177e+01 3.402613258968199972e+01 3.405850352831177474e+01 3.402832250595558605e+01 3.400044943147442211e+01 3.401081717933907811e+01 3.403585946682819241e+01 3.412367187390085377e+01 3.408842193066688253e+01 3.412588642940260542e+01 3.412117596595759750e+01 3.401111528963473774e+01
3.401017753868927684e+01 3.412183788459936551e+01 3.402268631751553585e+01 3.406519517958717813e+01 3.411587227344328710e+01 3.407883627559191098e+01 3.410870949140668529e+01 3.402312680034538062e+01 3.404788195275641982e+01 3.401151272850449914e+01 3.406600247328952946e+01 3.404172942905319132e+01 3.409573750673032322e+01 3.411345510188247943e+01 3.401894120128333299e+01 3.411922129632683465e+01 3.409797844279842849e+01 3.407917704316604102e+01 3.401682691499203059e+01 3.402973370332135516e+01 3.405924233701270509e+01 3.403178965498078412e+01 3.400633157656017147e+01 3.401585712808653028e+01 3.403860733589844756e+01 3.411828584845482482e+01 3.408639534007671301e+01 3.412030206821491163e+01 3.411603104460476743e+01 3.401605548437844107e+01
3.401522876368940729e+01 3.411663289046183678e+01 3.402659003877326427e+01 3.406530193656741545e+01 3.411122507237053014e+01 3.407766703630360894e+01 3.410475275621553237e+01 3.402702510949729486e+01 3.404953082993360880e+01 3.401643815701103080e+01 3.406601987674146415e+01 3.404396111257223367e+01 3.409300198766427314e+01 3.410903895724484869e+01 3.402324427065283885e+01 3.411426774699704367e+01 3.409503171566086621e+01 3.407798808835174498e+01 3.402123896170078865e+01 3.403306462417707223e+01 3.405985970671731877e+01 3.403491556275078267e+01 3.401170313952477642e+01 3.402037401054027299e+01 3.404113049347691344e+01 3.411342369199084601e+01 3.408451207086476842e+01 3.411523998060759055e+01 3.411137273951963778e+01 3.402059980695561592e+01
3.401980520403067487e+01 3.411191848883010636e+01 3.403018725617388895e+01 3.406536084635524730e+01 3.410702433677569445e+01 3.407658523435640774e+01 3.410115187519576097e+01 3.403056920545763830e+01 3.405104038550908996e+01 3.402093138785575377e+01 3.406602312006549482e+01 3.404595271520405930e+01 3.409051179235986240e+01 3.410503869504562147e+01 3.402710350537375916e+01 3.410977714049731446e+01 3.409234704714473452e+01 3.407688425225382645e+01 3.402530679383840351e+01 3.403603791605712559e+01 3.406043269385438776e+01 3.403775197369254357e+01 3.401660954989120000e+01 3.402450264767761468e+01 3.404340548744191608e+01 3.410900928736563031e+01 3.408281051200233236e+01 3.411065785392571570e+01 3.410715829799041643e+01 3.402468675010300814e+01
3.402399423156879266e+01 3.410765004203850026e+01 3.403342448135363441e+01 3.406541605424707342e+01 3.410321025082913593e+01 3.407560509816565286e+01 3.409789147401737353e+01 3.403376797064616710e+01 3.405240293128520079e+01 3.402499762158498697e+01 3.406600729417019124e+01 3.404778192649341406e+01 3.408824065620453325e+01 3.410141329807190402e+01 3.403063163456842233e+01 3.410570651194006331e+01 3.408990871986645743e+01 3.407587155528111822e+01 3.402899423826586656e+01 3.403876563599049376e+01 3.406093008167553648e+01 3.404032416499164526e+01 3.402107186695183572e+01 3.402827245593728378e+01 3.404545517516743303e+01 3.410501270257226736e+01 3.408125073064978494e+01 3.410650739971597289e+01 3.410333094813702104e+01 3.402844185655689557e+01
3.402779438621122665e+01 3.410377854293426481e+01 3.403638056801976575e+01 3.406545498713855125e+01 3.409975243994252736e+01 3.407470193414712867e+01 3.409492866715932990e+01 3.403669962317164277e+01 3.405362570722893167e+01 3.402872148861136736e+01 3.406599460921906086e+01 3.404942436814121010e+01 3.408617797395674387e+01 3.409812112718314125e+01 3.403384206887704977e+01 3.410201803829996692e+01 3.408768831787379128e+01 3.407495169955531367e+01 3.403234053294084305e+01 3.404123295544483341e+01 3.406137858749658420e+01 3.404265417437227370e+01 3.402514033558090034e+01 3.403168017455160310e+01 3.404732547631093098e+01 3.410138814464636425e+01 3.407982923144680143e+01 3.410274194224653854e+01 3.409986337978150317e+01 3.403183936412952448e+01
3.403125524288381598e+01 3.410026826675924383e+01 3.403906446164113220e+01 3.406548375416618768e+01 3.409661625424165976e+01 3.407388129812793665e+01 3.409223895121456138e+01 3.403934666143311460e+01 3.405474253037835553e+01 3.403209300055547715e+01 3.406597249694592477e+01 3.405091966686481442e+01 3.408429985914271043e+01 3.409513624397170162e+01 3.403674918429961593e+01 3.409867020188532649e+01 3.408567118986573519e+01 3.407410572795417636e+01 3.403539607908901843e+01 3.404347164162863493e+01 3.406178318605775956e+01 3.404477058415425716e+01 3.402883981983456607e+01 3.403479564108622668e+01 3.404901042916640819e+01 3.409809865786860428e+01 3.407853809988918670e+01 3.409932838397851640e+01 3.409671633710742356e+01 3.403493281395046921e+01
3.403440299994753104e+01 3.409708369652269511e+01 3.404149907197979985e+01 3.406550919191008830e+01 3.409376857064124522e+01 3.407313258828762059e+01 3.408979824719315133e+01 3.404175966631509453e+01 3.405574706491773895e+01 3.403516523159213847e+01 3.406595135994688661e+01 3.405227605913299271e+01 3.408259292364960658e+01 3.409242606334169068e+01 3.403940156768697989e+01 3.409563365770910792e+01 3.408383749647506278e+01 3.407333826991725800e+01 3.403816215713892035e+01 3.404551033284543138e+01 3.406214374035819503e+01 3.404668949309366610e+01 3.403220529898253233e+01 3.403761799629505447e+01 3.405054400122401148e+01 3.409511555228232282e+01 3.407735949692050070e+01 3.409623059602590445e+01 3.409385985063016022e+01 3.403774774909666689e+01
3.403726212912942373e+01 3.409419346055575772e+01 3.404371575481767564e+01 3.406552699393510153e+01 3.409118514052949678e+01 3.407244980486332508e+01 3.408758055070560999e+01 3.404395042147174166e+01 3.405666086713882379e+01 3.403795718047911834e+01 3.406592955880384466e+01 3.405350425012701265e+01 3.408104157065616135e+01 3.408996594753845244e+01 3.404180490911245016e+01 3.409287765858655206e+01 3.408217072036757145e+01 3.407263741234299204e+01 3.404068251160495606e+01 3.404735620847838362e+01 3.406247196829630752e+01 3.404843182855371708e+01 3.403526595706185276e+01 3.404018625956354782e+01 3.405193358380199697e+01 3.409240698018410143e+01 3.407628981320848283e+01 3.409341928517100939e+01 3.409126819565768329e+01 3.404030119036364255e+01
3.403986309207746785e+01 3.409157059056362016e+01 3.404572570263933073e+01 3.406554298794033997e+01 3.408883926111415263e+01 3.407182952995773917e+01 3.408556775201287792e+01 3.404593888029472737e+01 3.405748883584955422e+01 3.404049263364996136e+01 3.406590721574027469e+01 3.405462164177495055e+01 3.407963112549862217e+01 3.408773295122679770e+01 3.404399134410013517e+01 3.409037572086934631e+01 3.408065672093475484e+01 3.407199942225884115e+01 3.404297028911295087e+01 3.404903604218799984e+01 3.406276664897471562e+01 3.405001342799719311e+01 3.403804739867645424e+01 3.404252057937920739e+01 3.405319393088953461e+01 3.408994874394907981e+01 3.407531601277046462e+01 3.409086789272432583e+01 3.408891460369786586e+01 3.404262558548006723e+01
3.404222521329315754e+01 3.408918935265686656e+01 3.404755343434604242e+01 3.406555559988432691e+01 3.408670955153385762e+01 3.407126426849572454e+01 3.408373949531362967e+01 3.404774768320221767e+01 3.405823915722826456e+01 3.404279905747801394e+01 3.406588671563049076e+01 3.405563402537038797e+01 3.407834996112379145e+01 3.408570497306868674e+01 3.404597741977206482e+01 3.408810479299847174e+01 3.407928074639505667e+01 3.407141953715822780e+01 3.404504870003361106e+01 3.405056014747533055e+01 3.406303378709600338e+01 3.405144909085040439e+01 3.404057596040747313e+01 3.404463959400459316e+01 3.405433914230825110e+01 3.408771708299160963e+01 3.407443087045383834e+01 3.408855133454636643e+01 3.408677825907155778e+01 3.404473522160182597e+01
3.404437213284349895e+01 3.408702756682732371e+01 3.404921311265191264e+01 3.406556613787215326e+01 3.408477599728713869e+01 3.407075072192195364e+01 3.408207917969768630e+01 3.404938878845977968e+01 3.405892103077364652e+01 3.404489286867226383e+01 3.406586653836777145e+01 3.405655398594037564e+01 3.407718560296987675e+01 3.408386389940838512e+01 3.404778071827158215e+01 3.408604263822236646e+01 3.407803090359014675e+01 3.407089138054553956e+01 3.404693812715665047e+01 3.405194443284817396e+01 3.406327568244251580e+01 3.405275289154180030e+01 3.404287335198873166e+01 3.404656660327061246e+01 3.405537752722329969e+01 3.408569058892143744e+01 3.407362670413802164e+01 3.408644836322218907e+01 3.408483837815347073e+01 3.404665266937946910e+01
3.404632264786631168e+01 3.408506474561978905e+01 3.405072039725565247e+01 3.406557536666391428e+01 3.408301999649305714e+01 3.407028367240851452e+01 3.408057152938100387e+01 3.405088052810994270e+01 3.405953902933928390e+01 3.404679605419742217e+01 3.406584797804312359e+01 3.405738908173999846e+01 3.407612788044314556e+01 3.408219189442941399e+01 3.404941990826930720e+01 3.408417036013404555e+01 3.407689543848950819e+01 3.407041167790360703e+01 3.404865333931895321e+01 3.405320213775070215e+01 3.406349446341545928e+01 3.405393658027897175e+01 3.404496089179988871e+01 3.404831601418845111e+01 3.405632095585269070e+01 3.408385077439107391e+01 3.407289548499639409e+01 3.408453878911152657e+01 3.408307679376036248e+01 3.404839470508443355e+01
3.404809443378069744e+01 3.408328238262141952e+01 3.405208995438806596e+01 3.406558299321374506e+01 3.408142558882673967e+01 3.406985908848245259e+01 3.407920208692970476e+01 3.405223517617105955e+01 3.406010045720333324e+01 3.404852478217157596e+01 3.406583062240301985e+01 3.405814714558605516e+01 3.407516699344784428e+01 3.408067354599789667e+01 3.405090807673794728e+01 3.408247018687899299e+01 3.407586395400540624e+01 3.406997536066072030e+01 3.405021223279933906e+01 3.405434381312156944e+01 3.406369312570691221e+01 3.405501155471193897e+01 3.404685750189664617e+01 3.404990568995947342e+01 3.405717725784708705e+01 3.408217991455459384e+01 3.407223139429866876e+01 3.408280480256432554e+01 3.408147726990615212e+01 3.404997673090413457e+01
3.404970420794477803e+01 3.408166390887861041e+01 3.405333348981199038e+01 3.406558981924820984e+01 3.407997755521948591e+01 3.406947335533172350e+01 3.407795850837007379e+01 3.405346550693145957e+01 3.406060999450210147e+01 3.405009503816944516e+01 3.406581450102905251e+01 3.405883579260412120e+01 3.407429405425225610e+01 3.407929471568731117e+01 3.405226022537787145e+01 3.408092621786635590e+01 3.407492705086856688e+01 3.406957886873674823e+01 3.405162791025348668e+01 3.405538112454372168e+01 3.406387304411274641e+01 3.405598773160942017e+01 3.404858042291415643e+01 3.405134965969369887e+01 3.405795479205870180e+01 3.408066266489279883e+01 3.407162786208570537e+01 3.408123022794878665e+01 3.408002456470962471e+01 3.405141424464199673e+01
3.405116631970444274e+01 3.408019409707554814e+01 3.405446321941809629e+01 3.406559569623910022e+01 3.407866254414351914e+01 3.406912273168694583e+01 3.407682899936553156e+01 3.405458324127931746e+01 3.406107257590321069e+01 3.405152165591886870e+01 3.406579975587065690e+01 3.405946092481763543e+01 3.407350115900844401e+01 3.407804243166987135e+01 3.405348829879506667e+01 3.407952413743497999e+01 3.407407596979660269e+01 3.406921862010789681e+01 3.405291386512590179e+01 3.405632302422596069e+01 3.406403635996341706e+01 3.405687422161263100e+01 3.405014561564524200e+01 3.405266111012734598e+01 3.405866096241783225e+01 3.407928477980560444e+01 3.407107960592330187e+01 3.407980025318352091e+01 3.407870535831707315e+01 3.405271971136860998e+01
3.405249451739271649e+01 3.407885930255844187e+01 3.405548922630731568e+01 3.406560089460770513e+01 3.407746829379821207e+01 3.406880423249584311e+01 3.407580316564457235e+01 3.405559823375799056e+01 3.406149270086407199e+01 3.405281730645653226e+01 3.406578612869914480e+01 3.406002874653552936e+01 3.407278089050674907e+01 3.407690517383976214e+01 3.405460368720924436e+01 3.407825077127974822e+01 3.407330294702274642e+01 3.406889121334581461e+01 3.405408201333761298e+01 3.405717853184211208e+01 3.406418453593197171e+01 3.405767932832443279e+01 3.405156735135914658e+01 3.405385252077316949e+01 3.405930210996676522e+01 3.407803339630522999e+01 3.407058157379968577e+01 3.407850164721338615e+01 3.407750725502727818e+01 3.405390561742857614e+01
3.405370093280024690e+01 3.407764707265724979e+01 3.405642110782541465e+01 3.406560552660512542e+01 3.407638364924601859e+01 3.406851484219457404e+01 3.407487148887950212e+01 3.405652025582901388e+01 3.406187409779690256e+01 3.405399429088637930e+01 3.406577369675709122e+01 3.406054437696359827e+01 3.407212666958179170e+01 3.407587228029723292e+01 3.405561688559396316e+01 3.407709434596067410e+01 3.407260079190711366e+01 3.406859381707297274e+01 3.405514291100610080e+01 3.405795556505972144e+01 3.406431898593842789e+01 3.405841048854944830e+01 3.405285879461256826e+01 3.405493453758440126e+01 3.405988444770548540e+01 3.407689693983960666e+01 3.407012911676570610e+01 3.407732225888441491e+01 3.407641913701576897e+01 3.405498276625292675e+01
3.405479671328794922e+01 3.407654612713402997e+01 3.405726754202405715e+01 3.406560962008247628e+01 3.407539859137021665e+01 3.406825194355833730e+01 3.407402527953045990e+01 3.405735763929202164e+01 3.406222050057446893e+01 3.405506330500529799e+01 3.406576231212699923e+01 3.406101264627045566e+01 3.407153242827618556e+01 3.407493419760939446e+01 3.405653705445487134e+01 3.407604406970146016e+01 3.407196302622510586e+01 3.406832360187055997e+01 3.405610660355898744e+01 3.405866123202656581e+01 3.406444106536228844e+01 3.405907453722693390e+01 3.405403183886513574e+01 3.405591739121032191e+01 3.406041325959883892e+01 3.407586477848525419e+01 3.406971815959203553e+01 3.407625114429819035e+01 3.407543091412760816e+01 3.405596108950543766e+01
3.405579202678970319e+01 3.407554624687978162e+01 3.405803627369030551e+01 3.406561330571274482e+01 3.407450392417074880e+01 3.406801313297990674e+01 3.407325673715547509e+01 3.405811820032741366e+01 3.406253505091433453e+01 3.405603427358114033e+01 3.406575191490851751e+01 3.406143794897830901e+01 3.407099267287063782e+01 3.407408220930767584e+01 3.405737286566116495e+01 3.407509019251244098e+01 3.407138375662930230e+01 3.406807814249778232e+01 3.405698185064155581e+01 3.405930219154853944e+01 3.406455186213662500e+01 3.405967762468650051e+01 3.405509731195709833e+01 3.405681007750454370e+01 3.406089352161286143e+01 3.407492736660791621e+01 3.406934484430690446e+01 3.407527834994042593e+01 3.407453337209906152e+01 3.405684972618633566e+01
3.405669603000687573e+01 3.407463813066704716e+01 3.405873450642212674e+01 3.406561659600127001e+01 3.407369136799287190e+01 3.406779618734674386e+01 3.407255869969709750e+01 3.405880900363364105e+01 3.406282070918594229e+01 3.405691620511944961e+01 3.406574244129125617e+01 3.406182418114258326e+01 3.407050242343813551e+01 3.407330839732255612e+01 3.405813198082294235e+01 3.407422386439061768e+01 3.407085760959019893e+01 3.406785516954453641e+01 3.405777682194678135e+01 3.405988430455255411e+01 3.406465246967758986e+01 3.406022535491914738e+01 3.405606507722339416e+01 3.405762086465299632e+01 3.406132969893696583e+01 3.407407598147393202e+01 3.406900576100776590e+01 3.407439483038346850e+01 3.407371820951477304e+01 3.405765681271891054e+01
3.405751712203974790e+01 3.407381335707388814e+01 3.405936866057462709e+01 3.406561955727281799e+01 3.407295337492739407e+01 3.406759913093699765e+01 3.407192471153212665e+01 3.405943640153856933e+01 3.406308014205256995e+01 3.405771721330161483e+01 3.406573379689598369e+01 3.406217497419105911e+01 3.407005713083194820e+01 3.407260559755158624e+01 3.405882144875564421e+01 3.407343703181008010e+01 3.407037972586707752e+01 3.406765261956010704e+01 3.405849886920594827e+01 3.406041300946271377e+01 3.406474381293986653e+01 3.406072281537336721e+01 3.405694407190903661e+01 3.405835729168181558e+01 3.406172582096188961e+01 3.407330272315810760e+01 3.406869776648784409e+01 3.407359239646057603e+01 3.407297784403677099e+01 3.405838987688694175e+01
3.405826288636995258e+01 3.407306426782722752e+01 3.405994463060184074e+01 3.406562222382508054e+01 3.407228309613210371e+01 3.406742013061649743e+01 3.407134889103221553e+01 3.406000625035327545e+01 3.406331574189820799e+01 3.405844475385777770e+01 3.406572592929965282e+01 3.406249356074414436e+01 3.406965268240796973e+01 3.407196727920673140e+01 3.405944766917020416e+01 3.407272240447687750e+01 3.406994567350341185e+01 3.406746864011062570e+01 3.405915465975263601e+01 3.406089319876522836e+01 3.406482675147348971e+01 3.406117461661540347e+01 3.405774243864507156e+01 3.405902613977643512e+01 3.406208559161340332e+01 3.407260042356308105e+01 3.406841800901221262e+01 3.407286359341723880e+01 3.407230541413305502e+01 3.405905568304851982e+01
3.405894023244209023e+01 3.407238391413578427e+01 3.406046775500874446e+01 3.406562462386680323e+01 3.407167432127834417e+01 3.406725753942613721e+01 3.407082589684407736e+01 3.406052380400132051e+01 3.406352971735901747e+01 3.405910554074571195e+01 3.406571876274176702e+01 3.406278290511311013e+01 3.406928532925460473e+01 3.407138752953632377e+01 3.406001642221687575e+01 3.407207334731796777e+01 3.406955143553213361e+01 3.406730151941727058e+01 3.405975029333350790e+01 3.406132931743045589e+01 3.406490206670159893e+01 3.406158495459513347e+01 3.405846756475524018e+01 3.405963363211320427e+01 3.406241233304896099e+01 3.407196256073127216e+01 3.406816390987825827e+01 3.407220166487928026e+01 3.407169468371667875e+01 3.405966040052248900e+01
3.405955543676534347e+01 3.407176598682789859e+01 3.406094287327908177e+01 3.406562679174638220e+01 3.407112139937380135e+01 3.406710985428259164e+01 3.407035088620772001e+01 3.406099386951052566e+01 3.406372404404848453e+01 3.405970570285079901e+01 3.406571223980448337e+01 3.406304569416116124e+01 3.406895167048714512e+01 3.407086097077343112e+01 3.406053299606539042e+01 3.407148384320419865e+01 3.406919336029777412e+01 3.406714972096592930e+01 3.406029126952098807e+01 3.406172542044848228e+01 3.406497045436789506e+01 3.406195763294057599e+01 3.405912616519598402e+01 3.406018538279494834e+01 3.406270908593047864e+01 3.407138322514237672e+01 3.406793310966877186e+01 3.407160047074469134e+01 3.407113998609223415e+01 3.406020963919196731e+01
3.406011419356315884e+01 3.407120475418446404e+01 3.406137439805335987e+01 3.406562874654412809e+01 3.407061920764107299e+01 3.406697570741172143e+01 3.406991945189689375e+01 3.406142080320629617e+01 3.406390053133065976e+01 3.406025080110914871e+01 3.406570630427671631e+01 3.406328436040035967e+01 3.406864861674687006e+01 3.407038272077935659e+01 3.406100216737602437e+01 3.407094842607928342e+01 3.406886812974640577e+01 3.406701183859649262e+01 3.406078261077547609e+01 3.406208517042589534e+01 3.406503255784328843e+01 3.406229610894929039e+01 3.405972434151028239e+01 3.406068650741733705e+01 3.406297860193079430e+01 3.407085704192358122e+01 3.406772347707231319e+01 3.407105443551178325e+01 3.407063618187050480e+01 3.406070847873430552e+01
3.406062168386679190e+01 3.407069501373828757e+01 3.406176632291608541e+01 3.406563051237991857e+01 3.407016308885966538e+01 3.406685386044946284e+01 3.406952759770305761e+01 3.406180855796330320e+01 3.406406081711000411e+01 3.406074588168805661e+01 3.406570090216906266e+01 3.406350112272374986e+01 3.406837335963119529e+01 3.406994834758300783e+01 3.406142828796007649e+01 3.407046213079980390e+01 3.406857273222793481e+01 3.406688659676968456e+01 3.406122886764674007e+01 3.406241190816953690e+01 3.406508895250428282e+01 3.406260352170669137e+01 3.406026763378074662e+01 3.406114165206209066e+01 3.406322337953844936e+01 3.407037913373339677e+01 3.406753306925569547e+01 3.407055849786390667e+01 3.407017859801840132e+01 3.406116154853214084e+01
3.406108260793055109e+01 3.407023203913276177e+01 3.406212228355240512e+01 3.406563210700790023e+01 3.406974881508885744e+01 3.406674318408543201e+01 3.406917169096087861e+01 3.406216073260144128e+01 3.406420638717330007e+01 3.406119553680268552e+01 3.406569598759418227e+01 3.406369798848454877e+01 3.406812335043804296e+01 3.406955382344933980e+01 3.406181530770811605e+01 3.407002045045354066e+01 3.406830443016939824e+01 3.406677283816119228e+01 3.406163417466667909e+01 3.406270866092038574e+01 3.406514016413940737e+01 3.406288272138718298e+01 3.406076107692931743e+01 3.406155503087466485e+01 3.406344569181528925e+01 3.406994507061483546e+01 3.406736012321354679e+01 3.407010805912966589e+01 3.406976299404072961e+01 3.406157304389907381e+01
3.406150123805492314e+01 3.406981153887367952e+01 3.406244557910931547e+01 3.406563354686833378e+01 3.406937254691128913e+01 3.406664265496254984e+01 3.406884843318536582e+01 3.406248058829659442e+01 3.406433859430630662e+01 3.406160393065570702e+01 3.406569151545022578e+01 3.406387678483329040e+01 3.406789627250841335e+01 3.406919549258120128e+01 3.406216681183163786e+01 3.406961929005633749e+01 3.406806073829927328e+01 3.406666950855624520e+01 3.406200229085971642e+01 3.406297817965197083e+01 3.406518666941827433e+01 3.406313629745416449e+01 3.406120924295844077e+01 3.406193047839542487e+01 3.406364759859015834e+01 3.406955082833696480e+01 3.406720303813519024e+01 3.406969894454347525e+01 3.406938551743841970e+01 3.406194677952656491e+01
3.406188145420863123e+01 3.406942961532175218e+01 3.406273920583461745e+01 3.406563484737579728e+01 3.406903079627620912e+01 3.406655134231669280e+01 3.406855482910565058e+01 3.406277109167182005e+01 3.406445866365618258e+01 3.406197484964420852e+01 3.406568744629684886e+01 3.406403916989625458e+01 3.406769002239473565e+01 3.406887003349569198e+01 3.406248606056188066e+01 3.406925493171396369e+01 3.406783939874918588e+01 3.406657565254054987e+01 3.406233662609295010e+01 3.406322296421205920e+01 3.406522890004162463e+01 3.406336660087914936e+01 3.406161628533019581e+01 3.406227147268123900e+01 3.406383097357729639e+01 3.406919275346282205e+01 3.406706035834726265e+01 3.406932736178257670e+01 3.406904266935136860e+01 3.406228621998841533e+01
3.406222678000899151e+01 3.406908272845771535e+01 3.406300588667253493e+01 3.406563602121956791e+01 3.406872039632293081e+01 3.406646840072761506e+01 3.406828815741376104e+01 3.406303493541076222e+01 3.406456770989672123e+01 3.406231173155282477e+01 3.406568374349418349e+01 3.406418664918142269e+01 3.406750268937306458e+01 3.406857443000092189e+01 3.406277601192564930e+01 3.406892399836310403e+01 3.406763836077293917e+01 3.406649040085848412e+01 3.406264028075622718e+01 3.406344528300463281e+01 3.406526724922947835e+01 3.406357576728112946e+01 3.406198597667030015e+01 3.406258117516652106e+01 3.406399751701764700e+01 3.406886752685318243e+01 3.406693076302809686e+01 3.406898986686819342e+01 3.406873127264005774e+01 3.406259451071166211e+01
3.406254041678059963e+01 3.406876766345885699e+01 3.406324809317143831e+01 3.406563708068765806e+01 3.406843847016529025e+01 3.406639306261416777e+01 3.406804594728072288e+01 3.406327456517852426e+01 3.406466674447730725e+01 3.406261769866942757e+01 3.406568037358204037e+01 3.406432059096248821e+01 3.406733253782364557e+01 3.406830594276091517e+01 3.406303935439597552e+01 3.406862342290087753e+01 3.406745576191917024e+01 3.406641296438507283e+01 3.406291606917558568e+01 3.406364719797893059e+01 3.406530207300986035e+01 3.406376573612867986e+01 3.406232174340174623e+01 3.406286245678105473e+01 3.406414877333923386e+01 3.406857213458398093e+01 3.406681305157754736e+01 3.406868333203798471e+01 3.406844844113195592e+01 3.406287451025364987e+01
