3.900000000000000000e+01 4.000000000000000000e+01 3.200000000000000000e+01 3.000000000000000000e+01 4.000000000000000000e+01 4.200000000000000000e+01 3.500000000000000000e+01 2.900000000000000000e+01 3.100000000000000000e+01 2.800000000000000000e+01 3.800000000000000000e+01 3.600000000000000000e+01 4.000000000000000000e+01 3.100000000000000000e+01 3.700000000000000000e+01 4.000000000000000000e+01 4.000000000000000000e+01 3.900000000000000000e+01 2.500000000000000000e+01 3.000000000000000000e+01 4.000000000000000000e+01 3.000000000000000000e+01 2.200000000000000000e+01 3.000000000000000000e+01 3.800000000000000000e+01 2.800000000000000000e+01 3.100000000000000000e+01 3.500000000000000000e+01 3.900000000000000000e+01 3.500000000000000000e+01
3.758263914681447204e+01 3.386072826503368560e+01 3.213505334416549886e+01 3.491834542085780413e+01 3.393539603578392416e+01 3.513997487121378072e+01 3.443422838710830547e+01 3.530432323164131958e+01 3.223484120067587355e+01 3.030342215974815190e+01 3.395940007542594685e+01 3.531016601558076218e+01 3.597892487695207819e+01 3.355121337746459176e+01 3.590371533114011982e+01 3.302904059772117762e+01 3.743411379359895363e+01 3.305186161996971350e+01 3.177177840381045826e+01 2.995711529259278905e+01 3.534924320181016810e+01 3.151117287833039882e+01 3.204588066041469574e+01 3.328617051953915507e+01 3.654321054291358450e+01 3.517716118854878005e+01 3.393595486012054607e+01 3.429500185737560969e+01 3.423248395154951140e+01 3.489424224742106162e+01
3.505952044567460035e+01 3.375116975575343758e+01 3.264133587050958596e+01 3.475774568561853783e+01 3.282977205626778527e+01 3.521905089874188377e+01 3.418549061910481157e+01 3.388318427427523005e+01 3.352252573186792262e+01 3.271311997982473230e+01 3.451828511670838395e+01 3.481134346433648119e+01 3.508822470282807870e+01 3.422398010123097123e+01 3.406593016000056195e+01 3.288766986194515596e+01 3.579219665296671593e+01 3.291112460844671261e+01 3.322869006933235880e+01 3.226474872214810574e+01 3.418940712982457342e+01 3.236471773891178572e+01 3.353493133948931870e+01 3.384681590280586505e+01 3.409599508126740375e+01 3.586867052833739677e+01 3.415953355277563475e+01 3.480257952660996779e+01 3.290790402416180171e+01 3.370551381571939942e+01
3.425089472625609943e+01 3.389989791537946928e+01 3.313207101017581380e+01 3.430304826791785189e+01 3.310451716815478562e+01 3.509257782322712416e+01 3.364850825747691232e+01 3.347594609318539227e+01 3.402301160568107008e+01 3.360065126871169383e+01 3.454754533776929293e+01 3.450024010427720356e+01 3.417059375617550643e+01 3.430208607423848832e+01 3.357402270711040160e+01 3.354392088414083872e+01 3.463206093319203660e+01 3.314628890479826850e+01 3.367030049638384526e+01 3.332564979968611141e+01 3.399227555438073978e+01 3.308288344992061525e+01 3.396424797237286697e+01 3.418944257023893840e+01 3.338031512639262388e+01 3.511188043038900020e+01 3.450434683504879274e+01 3.424281653862760777e+01 3.304465741008721125e+01 3.349304537527130776e+01
3.404869109547941264e+01 3.408503880022379207e+01 3.348246834167107266e+01 3.396135372839363953e+01 3.349591121946592409e+01 3.471228412163104338e+01 3.355498597242878844e+01 3.355040981668769007e+01 3.399766034378429680e+01 3.394215884239798697e+01 3.430882855201479487e+01 3.433921912273895316e+01 3.371975653870785550e+01 3.402834770120462338e+01 3.355758126806470187e+01 3.383981185916751855e+01 3.408815382011353279e+01 3.344993075584525855e+01 3.383085748051698971e+01 3.379264124067874775e+01 3.403510781063932455e+01 3.356908226918594806e+01 3.404633457686060893e+01 3.435802250473344799e+01 3.345619199031926172e+01 3.449944760367880292e+01 3.453753502979373735e+01 3.380046279633081951e+01 3.333543399168397769e+01 3.363711536060543494e+01
3.404974156656523832e+01 3.419155925826462550e+01 3.368742848735233508e+01 3.380248422815169818e+01 3.373156998689040620e+01 3.437996604141540047e+01 3.363806590462345980e+01 3.368201994388507359e+01 3.385823286508770735e+01 3.403277456730784678e+01 3.407402173514665833e+01 3.425147428317928444e+01 3.362994243254557603e+01 3.381126269432541420e+01 3.369610974213529886e+01 3.386575558832975474e+01 3.390987689092627733e+01 3.370558630564958236e+01 3.391079140098870681e+01 3.392733329308997980e+01 3.411345263762098767e+01 3.384705120938916423e+01 3.397323296326526076e+01 3.434699542839411635e+01 3.365021560377034859e+01 3.417974316693085512e+01 3.438780868891677756e+01 3.366356942031207922e+01 3.359303152446596386e+01 3.384287899534070476e+01
3.409193249501669243e+01 3.420385349292233457e+01 3.379133900974368743e+01 3.378223699630209609e+01 3.382182195233577460e+01 3.417621859309370080e+01 3.372211120735512679e+01 3.375807152186822435e+01 3.377333468778832071e+01 3.402266576962602329e+01 3.394083439718894368e+01 3.419449464856297993e+01 3.368631306352461507e+01 3.373425229901626210e+01 3.383828783273081342e+01 3.381697039831928464e+01 3.390346002680376358e+01 3.386007492037317235e+01 3.395635215929357287e+01 3.391814189124538359e+01 3.415051074957367661e+01 3.396006736602330989e+01 3.389469579577990999e+01 3.425338062452392052e+01 3.376961899096475861e+01 3.405720982787760676e+01 3.421770273200849743e+01 3.368194712377667344e+01 3.376617255416854846e+01 3.398301917904284863e+01
3.411253784622684293e+01 3.416216573823565028e+01 3.383937863439044236e+01 3.382250899648881415e+01 3.383978462576932600e+01 3.407884136997301994e+01 3.376897042819010863e+01 3.378862138448682373e+01 3.375438135722919242e+01 3.399175488379313492e+01 3.389903257262986358e+01 3.414980968424791996e+01 3.376119293922501896e+01 3.374172028951529256e+01 3.392606976389375717e+01 3.378351052519326458e+01 3.394737633543115862e+01 3.392629050925544476e+01 3.397949571310615369e+01 3.388263368660867059e+01 3.414156890043691561e+01 3.397902983949002476e+01 3.386034792765505586e+01 3.415423928511637541e+01 3.381611613020069740e+01 3.403052438015659931e+01 3.409792497235234521e+01 3.373562308082117767e+01 3.385746677277899153e+01 3.403786199488329345e+01
3.410355723147359441e+01 3.410699207660419319e+01 3.386210499157038356e+01 3.386884285881185974e+01 3.383850121276996958e+01 3.404221441246432533e+01 3.379114801349820141e+01 3.380099862600182092e+01 3.376984548552751875e+01 3.396979194973259553e+01 3.390491351201749382e+01 3.411151043635089053e+01 3.381269482105041391e+01 3.377569781940592009e+01 3.396064508049283859e+01 3.377927136390655249e+01 3.398343279057936428e+01 3.394187041430053142e+01 3.398713787520641461e+01 3.386388208119214482e+01 3.410788389638627649e+01 3.396371425263480148e+01 3.386148628595675092e+01 3.408202270814354762e+01 3.382845141907088049e+01 3.403318608436770631e+01 3.403425494919993355e+01 3.377909168662614547e+01 3.389489501737794797e+01 3.403695361004194098e+01
3.407764540805889908e+01 3.406042401004462761e+01 3.387521796011132835e+01 3.390004630188312973e+01 3.383974157944167160e+01 3.402986672393126355e+01 3.380448782581326128e+01 3.381069944544285022e+01 3.379454079139527067e+01 3.395997416029321414e+01 3.392317147085321238e+01 3.407870705056893001e+01 3.384047320850586260e+01 3.380793392941001230e+01 3.396408175141110064e+01 3.379259360505873389e+01 3.399707505447986478e+01 3.393811191419197826e+01 3.398555070473614137e+01 3.386410374094094777e+01 3.406976356894610092e+01 3.394590478574171044e+01 3.387709174769243248e+01 3.403906421568026275e+01 3.383272423117396244e+01 3.403445503421794172e+01 3.400734459927037534e+01 3.380673116964168656e+01 3.390628044447804257e+01 3.401433573161887125e+01
3.404835032248626447e+01 3.402822307564311899e+01 3.388488842925335831e+01 3.391527815952052549e+01 3.384695382409340425e+01 3.402215878458636666e+01 3.381675762968976073e+01 3.382221424273175359e+01 3.381719789151757993e+01 3.395700124105304951e+01 3.393700376890519976e+01 3.405149809083789592e+01 3.385467274192807707e+01 3.383133921974638270e+01 3.395608242750363814e+01 3.381148695018682560e+01 3.399389280480362885e+01 3.393154709659967239e+01 3.397967963032890992e+01 3.387383869284423099e+01 3.403792446645677927e+01 3.393542432531572217e+01 3.389313174849124977e+01 3.401584769774645878e+01 3.383880945724067146e+01 3.402701371517921558e+01 3.399704539161663774e+01 3.382437298782055990e+01 3.390888978004094412e+01 3.399076829132378919e+01
3.402323193678093105e+01 3.400773021360618742e+01 3.389283167336520108e+01 3.392053490641038849e+01 3.385742780019459275e+01 3.401249704745156777e+01 3.382969452293001211e+01 3.383509632213990415e+01 3.383519303716460769e+01 3.395587737305061182e+01 3.394292145623468571e+01 3.402955556908969470e+01 3.386342338986913347e+01 3.384738597110641223e+01 3.394732931783692464e+01 3.382960202183244292e+01 3.398340524175241484e+01 3.392760167653587189e+01 3.397261655527807989e+01 3.388518334493915063e+01 3.401479857818019070e+01 3.393158292850401381e+01 3.390442492005097108e+01 3.400243935163765485e+01 3.384782457122357613e+01 3.401371083814596119e+01 3.399107068014749444e+01 3.383748550068876426e+01 3.391021518793601075e+01 3.397371893719274283e+01
3.400425464451092950e+01 3.399429357961300013e+01 3.389931533574469569e+01 3.392145606909883782e+01 3.386822316994810222e+01 3.400087274000192394e+01 3.384266843608271103e+01 3.384787673394610152e+01 3.384921371974891713e+01 3.395418384391448541e+01 3.394316939354789042e+01 3.401205797352554328e+01 3.387071527440432561e+01 3.385904389524123559e+01 3.394129691038585150e+01 3.384491194772722622e+01 3.397219009424657088e+01 3.392637957136392401e+01 3.396586484270554251e+01 3.389448880782781970e+01 3.399868360858510385e+01 3.393109949636514955e+01 3.391093818147334105e+01 3.399264314745192905e+01 3.385814990691192605e+01 3.399908982216938114e+01 3.398462207296844184e+01 3.384882427264619764e+01 3.391217617194843115e+01 3.396319058937316271e+01
3.399044239086887842e+01 3.398435644995659288e+01 3.390441594579176865e+01 3.392129576764091325e+01 3.387776290700192305e+01 3.398908736646909290e+01 3.385476526932990282e+01 3.385952354133707587e+01 3.386050367306243913e+01 3.395149076254550380e+01 3.394085204443741333e+01 3.399802447671419969e+01 3.387774027450708303e+01 3.386839610078374818e+01 3.393787936946793593e+01 3.385741705687008363e+01 3.396301315575562541e+01 3.392654970103185974e+01 3.395993267237989244e+01 3.390109303505654026e+01 3.398701018935400953e+01 3.393147285840885274e+01 3.391433808989830823e+01 3.398386178906869048e+01 3.386819511372817715e+01 3.398602731489867779e+01 3.397713429580944933e+01 3.385923147135546429e+01 3.391456381815619636e+01 3.395680697879369347e+01
3.398009435569359482e+01 3.397605174763110369e+01 3.390832703459327035e+01 3.392130849594810371e+01 3.388562707068388136e+01 3.397853134690520704e+01 3.386546215774969681e+01 3.386962898444703995e+01 3.386996617999039927e+01 3.394822978506590516e+01 3.393804817639717442e+01 3.398659088760987146e+01 3.388447414158723348e+01 3.387644966046351414e+01 3.393598591604295223e+01 3.386769723603130444e+01 3.395621972515130693e+01 3.392702567725282137e+01 3.395485713718842646e+01 3.390559977663037472e+01 3.397784685011018269e+01 3.393157589104121286e+01 3.391619318769125613e+01 3.397556703682309376e+01 3.387711103544675950e+01 3.397545656687832860e+01 3.396946777589580080e+01 3.386873126015650115e+01 3.391682636476878798e+01 3.395242477626877786e+01
3.397185961528408171e+01 3.396870449344065435e+01 3.391131967139281755e+01 3.392168263113156712e+01 3.389198129047223773e+01 3.396971929807485679e+01 3.387463749787208656e+01 3.387819581947606906e+01 3.387809430049632198e+01 3.394493359268486898e+01 3.393565925388365656e+01 3.397711594567741855e+01 3.389062320407385442e+01 3.388355544930599450e+01 3.393471515378499959e+01 3.387630564845611048e+01 3.395121602890076673e+01 3.392731023792224931e+01 3.395052360857469154e+01 3.390880747237249437e+01 3.397014845083296564e+01 3.393120540477505642e+01 3.391745057259513629e+01 3.396796713368203768e+01 3.388467032413585400e+01 3.396717225930811423e+01 3.396244816420869483e+01 3.387717925768637883e+01 3.391865680458391097e+01 3.394884017282929989e+01
3.396495880301526427e+01 3.396219124337486761e+01 3.391365195214108041e+01 3.392224644387746935e+01 3.389715634250743648e+01 3.396256295675352277e+01 3.388240247256765514e+01 3.388540756299946821e+01 3.388512639348271449e+01 3.394193806745597897e+01 3.393385364263345849e+01 3.396916530834932502e+01 3.389599678079978418e+01 3.388979603035323152e+01 3.393361076844118429e+01 3.388362289275431039e+01 3.394733237310133234e+01 3.392732113903542768e+01 3.394680753932743755e+01 3.391129218269387025e+01 3.396348195202773468e+01 3.393053460893742823e+01 3.391851922634393901e+01 3.396130450362311848e+01 3.389097580877005100e+01 3.396060609366428906e+01 3.395645296265111313e+01 3.388450911836240209e+01 3.392001594527048525e+01 3.394560533841032424e+01
3.395903033643519819e+01 3.395652611106962837e+01 3.391552061712253874e+01 3.392281628848992625e+01 3.390144789420970284e+01 3.395674161595256635e+01 3.388895350973599818e+01 3.389148574179522910e+01 3.389119052444704039e+01 3.393936539558351484e+01 3.393250564807888736e+01 3.396244911855287540e+01 3.390056468657500233e+01 3.389520000489390128e+01 3.393254067074038005e+01 3.388988543256822084e+01 3.394412327502387683e+01 3.392714936356608746e+01 3.394361314053289647e+01 3.391336278987368757e+01 3.395769994301664241e+01 3.392977983578654033e+01 3.391950579639375007e+01 3.395564683499284797e+01 3.389623798053053605e+01 3.395524388848937747e+01 3.395149492797614243e+01 3.389076551188801290e+01 3.392100036384679385e+01 3.394265368106538716e+01
3.395392087744301080e+01 3.395169131487770642e+01 3.391705623259787217e+01 3.392329719084781914e+01 3.390506360566343602e+01 3.395193325193595513e+01 3.389448936282471436e+01 3.389662721552443259e+01 3.389638502246401686e+01 3.393720603100680933e+01 3.393144925762672415e+01 3.395676265579232478e+01 3.390440104823873924e+01 3.389981944388682678e+01 3.393151933003960607e+01 3.389524705723901832e+01 3.394136695428316841e+01 3.392690595642081064e+01 3.394087024558033505e+01 3.391514933294210010e+01 3.395273455219528813e+01 3.392907779399457269e+01 3.392040260288073483e+01 3.395091476479013437e+01 3.390066046418494494e+01 3.395074465935569918e+01 3.394741698120942885e+01 3.389606275048834050e+01 3.392173122541349528e+01 3.394002860730054749e+01
3.394954548243489256e+01 3.394761201321347244e+01 3.391833954096333059e+01 3.392367047800566127e+01 3.390813660670264085e+01 3.394789796012244665e+01 3.389917940812338060e+01 3.390098919562635871e+01 3.390080788359893660e+01 3.393539873193707734e+01 3.393057014652642067e+01 3.395194760077105656e+01 3.390761826947195345e+01 3.390373655558373400e+01 3.393059103245882113e+01 3.389982415948139760e+01 3.393897389149649513e+01 3.392666362150614390e+01 3.393852283782939594e+01 3.391669739935485239e+01 3.394851360961278885e+01 3.392848046296704467e+01 3.392118612198009231e+01 3.394696561391491940e+01 3.390440290704307813e+01 3.394691345900221791e+01 3.394403369917013435e+01 3.390053803036309432e+01 3.392230211631000714e+01 3.393775967151086803e+01
3.394582651916095983e+01 3.394418295257780471e+01 3.391942087542270201e+01 3.392395471782110405e+01 3.391075447372367080e+01 3.394447749663628144e+01 3.390315970959671432e+01 3.390469462656277955e+01 3.390455943958520635e+01 3.393387735610686207e+01 3.392981101469051453e+01 3.394787244089725675e+01 3.391032581553441361e+01 3.390704719791497013e+01 3.392978222549508160e+01 3.390371816487125045e+01 3.393690686844769999e+01 3.392645337012923790e+01 3.393652132494059970e+01 3.391802702600065800e+01 3.394494728852919252e+01 3.392798875464480091e+01 3.392184934526206774e+01 3.394365511002308722e+01 3.390758232241913106e+01 3.394363925666122128e+01 3.394119354691196122e+01 3.390432188008421832e+01 3.392276986835633323e+01 3.393583562301291323e+01
3.394268057998322519e+01 3.394129720337186740e+01 3.392033447247824540e+01 3.392417628048351474e+01 3.391298193450509757e+01 3.394156770256454791e+01 3.390653938995554029e+01 3.390784206439643356e+01 3.390773635509615502e+01 3.393258833259011453e+01 3.392914918425819337e+01 3.394442449686783192e+01 3.391261418976448283e+01 3.390984475808829757e+01 3.392909539902038318e+01 3.390702249085975950e+01 3.393513829600578902e+01 3.392628019081817570e+01 3.393481976619422369e+01 3.391915756842174545e+01 3.394193967400671141e+01 3.392758419985424467e+01 3.392240186604058039e+01 3.394086391722994733e+01 3.391028605492927284e+01 3.394084736702908600e+01 3.393878899681296701e+01 3.390752613166885254e+01 3.392316412061057207e+01 3.393421749204251370e+01
3.394002383826436642e+01 3.393886165563313995e+01 3.392110653219855010e+01 3.392435594507254137e+01 3.391487305977241107e+01 3.393909321035048521e+01 3.390940813106376339e+01 3.391051352294604726e+01 3.391042602116861104e+01 3.393149209152164758e+01 3.392857568678864766e+01 3.394150700542923005e+01 3.391455387571197377e+01 3.391221142081155904e+01 3.392851824482370660e+01 3.390982254503470017e+01 3.393363655228257159e+01 3.392613836510511049e+01 3.393337587156254642e+01 3.392011270067150974e+01 3.393940128869706285e+01 3.392724689763647206e+01 3.392286098460839838e+01 3.393850077770871110e+01 3.391258352435157519e+01 3.393847543913477693e+01 3.393674558119469253e+01 3.391024271103959364e+01 3.392349964378323079e+01 3.393285751858581278e+01
3.393777938520091197e+01 3.393680076252219635e+01 3.392175882556158228e+01 3.392450644236437540e+01 3.391647583106635722e+01 3.393699261353977192e+01 3.391184159182743230e+01 3.391277910267867668e+01 3.391270401394375256e+01 3.393055908289017708e+01 3.392808382586076021e+01 3.393903756912349223e+01 3.391619987308780537e+01 3.391421595100293729e+01 3.392803353943256184e+01 3.391219422000822448e+01 3.393236642885132426e+01 3.392602046623979817e+01 3.393215172202606311e+01 3.392091789475119157e+01 3.393725534635914443e+01 3.392696183337588423e+01 3.392324438567949585e+01 3.393649624347264648e+01 3.391453327934888051e+01 3.393646581818803298e+01 3.393500850896231924e+01 3.391254686738448498e+01 3.392378497663295178e+01 3.393171123877020534e+01
3.393588103672583856e+01 3.393505429069546153e+01 3.392230998356578908e+01 3.392463459673155768e+01 3.391783302763800378e+01 3.393521227584657396e+01 3.391390458390451812e+01 3.391469932053379210e+01 3.391463417114740508e+01 3.392976578339519733e+01 3.392766548201345955e+01 3.393694659583971429e+01 3.391759655172399590e+01 3.391591498793781767e+01 3.392762498729355514e+01 3.391420317500619319e+01 3.393129321246937025e+01 3.392592077515589466e+01 3.393111419327163958e+01 3.392159713033127133e+01 3.393543853076553773e+01 3.392671904972698371e+01 3.392356674726266874e+01 3.393479546482921450e+01 3.391618619498860454e+01 3.393476528018356930e+01 3.393353363855887750e+01 3.391450103342781119e+01 3.392402671088414223e+01 3.393074193025101692e+01
3.393427367974503994e+01 3.393357355365458972e+01 3.392277591863975061e+01 3.392474410197578294e+01 3.391898209292807564e+01 3.393370468740459955e+01 3.391565283064465319e+01 3.391632632513974244e+01 3.391627001272005515e+01 3.392909226934519751e+01 3.392731128415460518e+01 3.393517554704613559e+01 3.391878100336585078e+01 3.391735539937391763e+01 3.392727928089340850e+01 3.391590524420669084e+01 3.393038575273862989e+01 3.392583563072534503e+01 3.393023487257644888e+01 3.392217110134489388e+01 3.393389907776062131e+01 3.392651189306232595e+01 3.392383921801284430e+01 3.393335313558692690e+01 3.391758663451426514e+01 3.393332642902841911e+01 3.393228308869417731e+01 3.391615782822604785e+01 3.392423090891068682e+01 3.392992051430228173e+01
3.393291181258943112e+01 3.393231824752493253e+01 3.392317007458144928e+01 3.392483740531181269e+01 3.391995515029632458e+01 3.393242831826736250e+01 3.391713409140776747e+01 3.391770476763510800e+01 3.391765648641449360e+01 3.392852114370365513e+01 3.392701180639114966e+01 3.393367518972839036e+01 3.391978490559900905e+01 3.391857642952778207e+01 3.392698606003234119e+01 3.391734754610107672e+01 3.392961760280589800e+01 3.392576273844770895e+01 3.392948962330829943e+01 3.392265689604288070e+01 3.393259428589731641e+01 3.392633540646099988e+01 3.392407015041644769e+01 3.393213071609191189e+01 3.391877293836743235e+01 3.393210845122918329e+01 3.393122367220691871e+01 3.391756204130541619e+01 3.392440322754013238e+01 3.392922384456447560e+01
3.393175766187863474e+01 3.393125436348971391e+01 3.392350371690684341e+01 3.392491658461405279e+01 3.392077939883357374e+01 3.393134751266804017e+01 3.391838909274167690e+01 3.391887264646104683e+01 3.391883152257739198e+01 3.392803717595880642e+01 3.392675848949193096e+01 3.393240403509281577e+01 3.392063547771448384e+01 3.391961127621341632e+01 3.392673717572908032e+01 3.391856980276465094e+01 3.392896682822264864e+01 3.392570047097694896e+01 3.392885801035699700e+01 3.392306846146092880e+01 3.393148844103602357e+01 3.392618542153236660e+01 3.392426602074456810e+01 3.393109508536925034e+01 3.391977788798706683e+01 3.393107690634980855e+01 3.393032647147295222e+01 3.391875191552895785e+01 3.392454871827685281e+01 3.392863299907298824e+01
3.393077955879858365e+01 3.393035293470556013e+01 3.392378626264286368e+01 3.392498359361189841e+01 3.392147774458267406e+01 3.393043204893147902e+01 3.391945242009565220e+01 3.391986217393247216e+01 3.391982725961216261e+01 3.392762716767923337e+01 3.392654401446385748e+01 3.393132703667822625e+01 3.392135604276035110e+01 3.392048817077107969e+01 3.392652598566707667e+01 3.391960556690900574e+01 3.392841527210281072e+01 3.392564746451191127e+01 3.392832273250505892e+01 3.392341726867545049e+01 3.393055135436619452e+01 3.392605821421146572e+01 3.392443210266962694e+01 3.393021782867008795e+01 3.392062930035135082e+01 3.393020294468462339e+01 3.392956662136434431e+01 3.391976006352889783e+01 3.392467170025759771e+01 3.392813209833981603e+01
3.392995073811906082e+01 3.392958924979105007e+01 3.392402559937919193e+01 3.392504024563849896e+01 3.392206947781602366e+01 3.392965645967738908e+01 3.392035337564341546e+01 3.392070061464349351e+01 3.392067098270657510e+01 3.392727981518952873e+01 3.392636228613233129e+01 3.393041453619739656e+01 3.392196647749034355e+01 3.392123114459403155e+01 3.392634689465239006e+01 3.392048324655148406e+01 3.392794778021742985e+01 3.392560247075619628e+01 3.392786912649423670e+01 3.392371288619436598e+01 3.392975737642384360e+01 3.392595044345791422e+01 3.392457284860224576e+01 3.392947470964628565e+01 3.392135069717019036e+01 3.392946237570276935e+01 3.392892298000475648e+01 3.392061422116195502e+01 3.392477577208352812e+01 3.392770761348135267e+01
3.392924848449762720e+01 3.392894227361663440e+01 3.392422835926959834e+01 3.392508815137573208e+01 3.392257088137473175e+01 3.392899929587555619e+01 3.392111676655255792e+01 3.392141104366518789e+01 3.392138586237730635e+01 3.392698551731881196e+01 3.392620824832758331e+01 3.392964141039599468e+01 3.392248364667516825e+01 3.392186062799484603e+01 3.392619510770498437e+01 3.392122692955062035e+01 3.392755158370896140e+01 3.392556434061072679e+01 3.392748475448492229e+01 3.392396338902261022e+01 3.392908469550165051e+01 3.392585916959291836e+01 3.392469207557241617e+01 3.392884516187426414e+01 3.392196195753565746e+01 3.392883482830092845e+01 3.392837768083419547e+01 3.392133792061216724e+01 3.392486390807204089e+01 3.392734797055830853e+01
3.392865350126565716e+01 3.392839415101798295e+01 3.392440013921216746e+01 3.392512868963083150e+01 3.392299573283466430e+01 3.392844245743566489e+01 3.392176359728210144e+01 3.392201300054112778e+01 3.392199156219740530e+01 3.392673615100364515e+01 3.392607767686079967e+01 3.392898637049187016e+01 3.392292182595519279e+01 3.392239395931140677e+01 3.392606650269176072e+01 3.392185705017346464e+01 3.392721585611532475e+01 3.392553204526053889e+01 3.392715906367399725e+01 3.392417563350048937e+01 3.392851478532769249e+01 3.392578186018014463e+01 3.392479305800484468e+01 3.392831178272982839e+01 3.392247989677354525e+01 3.392830307736684858e+01 3.392791564980525010e+01 3.392195109975946821e+01 3.392493857593480300e+01 3.392704328851328199e+01
3.392814940761963527e+01 3.392792975587360615e+01 3.392454567400051957e+01 3.392516301677517987e+01 3.392335570778950427e+01 3.392797063498024812e+01 3.392231165981068131e+01 3.392252303981258876e+01 3.392250475601463933e+01 3.392652484903817367e+01 3.392596701074325694e+01 3.392843137718714530e+01 3.392329309227949352e+01 3.392284583360311956e+01 3.392595755024075288e+01 3.392239094001143940e+01 3.392693139602400976e+01 3.392550469050128470e+01 3.392688310241791783e+01 3.392435544970327754e+01 3.392803193433922360e+01 3.392571636447848960e+01 3.392487859008720363e+01 3.392785985782251146e+01 3.392291875420823999e+01 3.392785252233719007e+01 3.392752415731921189e+01 3.392247064306246784e+01 3.392500184020499887e+01 3.392678516359712404e+01
3.392772231332269683e+01 3.392753628451108483e+01 3.392466897389883940e+01 3.392519209694879834e+01 3.392366070608097317e+01 3.392757085897920888e+01 3.392277603006296971e+01 3.392295519126287218e+01 3.392293957412594096e+01 3.392634580153010404e+01 3.392587322969627905e+01 3.392796114646870365e+01 3.392360766637705183e+01 3.392322869775722438e+01 3.392586524510765145e+01 3.392284329289289957e+01 3.392669038464344311e+01 3.392548151462505501e+01 3.392664928023430093e+01 3.392450779024174778e+01 3.392762283217319919e+01 3.392566086753698329e+01 3.392495104332852662e+01 3.392747694026184035e+01 3.392329059662910140e+01 3.392747077724659732e+01 3.392719243583602662e+01 3.392291085002023721e+01 3.392505544118249361e+01 3.392656647028954353e+01
3.392736044963010755e+01 3.392720289916152865e+01 3.392477343668622325e+01 3.392521673640236912e+01 3.392391912135834531e+01 3.392723213462416254e+01 3.392316948451965430e+01 3.392332134579096703e+01 3.392330798782472101e+01 3.392619408801643033e+01 3.392579376601131003e+01 3.392756272994111555e+01 3.392387420347515814e+01 3.392355309322452683e+01 3.392578703871652124e+01 3.392322656165712402e+01 3.392648618597903720e+01 3.392546187489149645e+01 3.392645116317253695e+01 3.392463685583611266e+01 3.392727620756248541e+01 3.392561383903846206e+01 3.392501242398612504e+01 3.392715249291472190e+01 3.392360565259260596e+01 3.392714733661952664e+01 3.392691136533838403e+01 3.392328383385385138e+01 3.392510085252488494e+01 3.392638117631264549e+01
3.392705384890077625e+01 3.392692042286397225e+01 3.392486194106396624e+01 3.392523761334899035e+01 3.392413806813355848e+01 3.392694514069889067e+01 3.392350285098657281e+01 3.392363158080719643e+01 3.392362013865930948e+01 3.392606553837025274e+01 3.392572643718730774e+01 3.392722515820712914e+01 3.392410003662379836e+01 3.392382794895512177e+01 3.392572077397542785e+01 3.392355129756964516e+01 3.392631317439674632e+01 3.392544522991190092e+01 3.392628329894096595e+01 3.392474620539509544e+01 3.392698251583415470e+01 3.392557398640634148e+01 3.392506442765758834e+01 3.392687758967224454e+01 3.392387259215853845e+01 3.392687329446589928e+01 3.392667321598377583e+01 3.392359985793473953e+01 3.392513932421186240e+01 3.392622417659818268e+01
3.392679406915555518e+01 3.392668108204657074e+01 3.392493692564048757e+01 3.392525530116793675e+01 3.392432357504591067e+01 3.392670197662364018e+01 3.392378530516631940e+01 3.392389443589662079e+01 3.392388461852948467e+01 3.392595661747027691e+01 3.392566939043570784e+01 3.392693913820499318e+01 3.392429138010344047e+01 3.392406082946396140e+01 3.392566462576857589e+01 3.392382643996158009e+01 3.392616658408709895e+01 3.392543112277730444e+01 3.392614106770022175e+01 3.392483885255548870e+01 3.392673367277629382e+01 3.392554021558382971e+01 3.392510848799009437e+01 3.392664466660650646e+01 3.392409876318335904e+01 3.392664110408411204e+01 3.392647143523610964e+01 3.392386761920452187e+01 3.392517191647229424e+01 3.392609114940843540e+01
3.392657395959054867e+01 3.392647829031350426e+01 3.392500045606973202e+01 3.392527028595137750e+01 3.392448074978056383e+01 3.392649594760271725e+01 3.392402462211394010e+01 3.392411714686331692e+01 3.392410870699823278e+01 3.392586432865989110e+01 3.392562105478020840e+01 3.392669679671042360e+01 3.392445350028003759e+01 3.392425814415809526e+01 3.392561704917940801e+01 3.392405956251188570e+01 3.392604237858034111e+01 3.392541916685590309e+01 3.392602055511619596e+01 3.392491734917006596e+01 3.392652282972823485e+01 3.392551159927000981e+01 3.392514581823754583e+01 3.392644731357540167e+01 3.392429039199454621e+01 3.392644437211661312e+01 3.392630046928726273e+01 3.392409448735557476e+01 3.392519952802128103e+01 3.392597843443758165e+01
3.392638746216373846e+01 3.392630646660202842e+01 3.392505428211179463e+01 3.392528298012072696e+01 3.392461391955053074e+01 3.392632138148982079e+01 3.392422738966578777e+01 3.392430584448835873e+01 3.392429857204259491e+01 3.392578613217457217e+01 3.392558009919582673e+01 3.392649146315228847e+01 3.392459085990705603e+01 3.392442532400723820e+01 3.392557673570340171e+01 3.392425708209326984e+01 3.392593713895473684e+01 3.392540903439172695e+01 3.392591844461420436e+01 3.392498385650485204e+01 3.392634418396076512e+01 3.392548735110645453e+01 3.392517744594283613e+01 3.392628009852207072e+01 3.392445275406556249e+01 3.392627768259120558e+01 3.392615561175480110e+01 3.392428670717243477e+01 3.392522292022717068e+01 3.392588293050275183e+01
