4.100000000000000000e+01 3.000000000000000000e+01 4.100000000000000000e+01 3.600000000000000000e+01 4.300000000000000000e+01 2.300000000000000000e+01 3.800000000000000000e+01 4.100000000000000000e+01 3.000000000000000000e+01 3.300000000000000000e+01 3.100000000000000000e+01 3.500000000000000000e+01 3.600000000000000000e+01 4.100000000000000000e+01 3.400000000000000000e+01 3.800000000000000000e+01 3.600000000000000000e+01 3.800000000000000000e+01 4.800000000000000000e+01 2.800000000000000000e+01 3.200000000000000000e+01 2.500000000000000000e+01 3.000000000000000000e+01 3.000000000000000000e+01 1.800000000000000000e+01 2.400000000000000000e+01 3.500000000000000000e+01 3.400000000000000000e+01 4.300000000000000000e+01 3.800000000000000000e+01
3.529377760537317954e+01 3.665058929927181453e+01 3.328160796209704131e+01 3.212844652752391994e+01 3.542966959800105542e+01 3.350563441659323871e+01 3.557176261927816086e+01 3.364562681573443115e+01 3.298534539440879598e+01 3.479305924561049324e+01 3.230974905111361295e+01 3.313611698173917830e+01 3.389039883637087769e+01 3.669282353964081267e+01 3.402294927841285244e+01 3.390027555774577195e+01 3.498572421143762767e+01 3.283762100245803595e+01 3.518159264500718564e+01 3.353018085495568812e+01 3.279259410011582077e+01 3.139343929147435119e+01 3.532006256609747652e+01 3.573269429992069490e+01 3.169783786368498113e+01 3.518141430742980447e+01 3.446031461504753679e+01 3.657854006018169457e+01 3.428574349422706291e+01 3.539201415888965130e+01
3.466368601752479606e+01 3.540131577653241379e+01 3.363126402664599368e+01 3.347644067144302227e+01 3.481922862017202647e+01 3.387066767696726544e+01 3.488213315552682303e+01 3.391760829649989262e+01 3.328693886639722876e+01 3.447910796014960511e+01 3.331568780630744442e+01 3.377125848287622745e+01 3.412388301333316321e+01 3.487411017395588431e+01 3.411784728580443726e+01 3.525087911215047143e+01 3.429930658004442279e+01 3.390175074053743032e+01 3.405133099379573025e+01 3.385921832373333729e+01 3.316802650826060983e+01 3.299865590300703388e+01 3.476126628357810944e+01 3.433024451147628042e+01 3.322243319301568931e+01 3.536485579963353132e+01 3.375577375889520226e+01 3.524264829157651491e+01 3.493302343698717038e+01 3.463564795795323192e+01
3.426023049234439810e+01 3.492584805449065044e+01 3.391852036466444531e+01 3.377494021472314500e+01 3.475393699080782994e+01 3.396420295123265731e+01 3.446747707134137784e+01 3.405847738444276729e+01 3.367343435946111185e+01 3.425759230116827325e+01 3.384377154022078571e+01 3.382807437125332228e+01 3.422381454461483941e+01 3.467198902593523258e+01 3.402576702466252101e+01 3.489212909499761395e+01 3.424103529268967350e+01 3.408856385921787790e+01 3.402602776695047737e+01 3.388228405715894098e+01 3.374809423212921189e+01 3.358354996550077942e+01 3.436258995506828029e+01 3.405169471533828585e+01 3.374537165599966215e+01 3.481326214402210439e+01 3.405914426314097909e+01 3.491089856045980611e+01 3.481196999638178369e+01 3.417537371018205761e+01
3.411235498754447804e+01 3.470881644680263634e+01 3.400343826811570125e+01 3.397372531339688351e+01 3.458819410361093816e+01 3.410055822884307730e+01 3.440950431988660796e+01 3.403158819359703813e+01 3.393101680799116338e+01 3.410216398002235394e+01 3.401557321337785567e+01 3.395679080074615541e+01 3.424870574001139545e+01 3.455402668838385694e+01 3.398894237771100535e+01 3.464433685399477270e+01 3.427564985324053026e+01 3.414021763434964640e+01 3.405149016401549744e+01 3.395153215160497950e+01 3.398159841836997686e+01 3.385032988155062839e+01 3.415233369756578696e+01 3.404573495972492481e+01 3.391826436614147156e+01 3.460664864806692975e+01 3.418030462341901199e+01 3.469609619655342669e+01 3.460164704246923861e+01 3.406640080641738422e+01
3.406272788858871081e+01 3.455845756588192330e+01 3.402986826438772283e+01 3.408827595535052524e+01 3.447813927458696526e+01 3.417043958369990264e+01 3.437354632035844304e+01 3.404073786416276448e+01 3.404580964487298900e+01 3.405202064418884333e+01 3.410205727076110804e+01 3.404809972757147563e+01 3.426671143006377918e+01 3.445778717348552789e+01 3.402214284898735031e+01 3.451574458298248516e+01 3.428776568623464271e+01 3.418673128663710514e+01 3.404789694482975193e+01 3.402473778998984244e+01 3.407905015910494484e+01 3.397962910821571114e+01 3.407184851263328795e+01 3.405188629360433339e+01 3.401664339453117947e+01 3.449407622486288005e+01 3.422153074202516621e+01 3.454840586808327174e+01 3.448677845338467307e+01 3.405913138126015838e+01
3.405289016110504008e+01 3.446097758550468626e+01 3.405805246845309853e+01 3.414574863191931087e+01 3.440875513092984761e+01 3.420090293625258937e+01 3.434149439401599579e+01 3.406903337419678479e+01 3.410218969277480028e+01 3.405227395698456405e+01 3.415014778994157751e+01 3.409606223381112500e+01 3.427170836463968584e+01 3.439421366175461969e+01 3.405560739070659082e+01 3.443362392383349402e+01 3.428632618015275568e+01 3.421180356517723453e+01 3.405570563572612031e+01 3.407003950919419566e+01 3.413025268931568235e+01 3.404972880159134974e+01 3.405242372867417089e+01 3.405992212942759778e+01 3.407774983619307818e+01 3.441874789943291546e+01 3.423780871970366491e+01 3.445440938783053042e+01 3.441488605837474068e+01 3.406647989853033920e+01
3.406160741030117123e+01 3.439689601431195598e+01 3.408461264657906042e+01 3.417411667861473745e+01 3.436115105749108523e+01 3.421312533523779820e+01 3.431570594649637229e+01 3.409352927079707740e+01 3.413449945165319122e+01 3.406626986946019287e+01 3.417570796442986136e+01 3.412360792474530058e+01 3.426821764070619736e+01 3.435039465091716693e+01 3.408052396167356335e+01 3.437813310050560034e+01 3.427861372704465737e+01 3.422175972068181693e+01 3.407362624460126455e+01 3.409872088438024207e+01 3.415895114744512995e+01 3.409206344405308187e+01 3.405772555840183458e+01 3.407545808603461523e+01 3.411436249364004425e+01 3.436766430121809890e+01 3.424196544874659764e+01 3.439233573891441154e+01 3.436554239571706404e+01 3.407941586607223883e+01
3.407773217942992972e+01 3.435257469942499853e+01 3.410614774981285535e+01 3.418827328122937104e+01 3.432698002805553728e+01 3.421710994397080441e+01 3.429471072678850874e+01 3.411272571184307623e+01 3.415429263735693866e+01 3.408362484028577910e+01 3.418873654329665612e+01 3.414190207426126733e+01 3.426097046046221806e+01 3.431866219793062811e+01 3.410105023596721452e+01 3.433914048239613948e+01 3.426861086075314233e+01 3.422397240256175621e+01 3.409296279562732224e+01 3.411949702748776758e+01 3.417499550034700917e+01 3.411944172915629991e+01 3.407254164677673458e+01 3.409363439059935530e+01 3.413705660722762047e+01 3.433143482206179442e+01 3.424034045037112861e+01 3.434922741908148680e+01 3.433028606406156769e+01 3.409553703409726211e+01
3.409545952186888229e+01 3.432053008299261165e+01 3.412342514360972245e+01 3.419537652737093225e+01 3.430150529951749405e+01 3.421741869085635557e+01 3.427759546421483350e+01 3.412842128942979514e+01 3.416680701763220185e+01 3.410119083289421127e+01 3.419523939665477030e+01 3.415491453458933080e+01 3.425264264823628935e+01 3.429492886966168896e+01 3.411854034256526091e+01 3.431051175163125322e+01 3.425847221939600473e+01 3.422280376825438708e+01 3.411058722758242112e+01 3.413549083262502393e+01 3.418402088600348776e+01 3.413812651914364693e+01 3.409011861522724729e+01 3.411087121519793186e+01 3.415214302778880295e+01 3.430462852468370016e+01 3.423624432878857959e+01 3.431799094328771105e+01 3.430404454863387542e+01 3.411178040735821781e+01
3.411224018979131500e+01 3.429649694581168262e+01 3.413750186485846427e+01 3.419888185210608356e+01 3.428191338321288839e+01 3.421612391011863963e+01 3.426364718817312394e+01 3.414143920076823946e+01 3.417507159266371985e+01 3.411740931562241030e+01 3.419846653427103433e+01 3.416448061389061053e+01 3.424458017851534208e+01 3.427666239562670825e+01 3.413321955762476279e+01 3.428878484193725029e+01 3.424914790838348466e+01 3.422038848536336531e+01 3.412593488801834951e+01 3.414802983259310309e+01 3.418928732740182852e+01 3.415151857261568580e+01 3.410731721817519002e+01 3.412605949402966132e+01 3.416279881274454056e+01 3.428419435289711714e+01 3.423140509536689535e+01 3.429452205975565704e+01 3.428389639322115556e+01 3.412652289435413877e+01
3.412713337736160923e+01 3.427795471292684937e+01 3.414903077600889958e+01 3.420054540444278501e+01 3.426652429099792840e+01 3.421424413673064890e+01 3.425225382637286486e+01 3.415218624912969858e+01 3.418082648401236412e+01 3.413162202787029997e+01 3.420004932078718696e+01 3.417172364017166331e+01 3.423734339597297804e+01 3.426229775843026459e+01 3.414538206154940525e+01 3.427189388899054734e+01 3.424097707902130594e+01 3.421766854186117968e+01 3.413901191299032689e+01 3.415797949381219212e+01 3.419253133710422077e+01 3.416151440818632068e+01 3.412282769512160030e+01 3.413905277964659035e+01 3.417065788990494468e+01 3.426825585512261085e+01 3.422667988867571864e+01 3.427639115480719312e+01 3.426809909601087156e+01 3.413929518528422591e+01
3.413991875385978858e+01 3.426335933918992538e+01 3.415847070278451270e+01 3.420128345223160693e+01 3.425426482800658334e+01 3.421228159438892646e+01 3.424293550981941792e+01 3.416101759272468286e+01 3.418502666784240773e+01 3.414372615997123006e+01 3.420080019506249869e+01 3.417735118507577852e+01 3.423109152919862908e+01 3.425084168732959711e+01 3.415540511928872291e+01 3.425852993468119223e+01 3.423401007594409862e+01 3.421505391570223509e+01 3.414998711722747515e+01 3.416595936543426149e+01 3.419464412803082354e+01 3.416920353401152255e+01 3.413625377729313470e+01 3.414998607959940102e+01 3.417664228564376572e+01 3.425561363889573840e+01 3.422242450089540000e+01 3.426210687732200455e+01 3.425552992454620238e+01 3.415011190852899148e+01
3.415068903653795473e+01 3.425171344473795187e+01 3.416619589740173524e+01 3.420156778398058606e+01 3.424440481859677732e+01 3.421045896151385080e+01 3.423531238195501203e+01 3.416826089495565810e+01 3.418820346874021254e+01 3.415387302085020593e+01 3.420113310265803364e+01 3.418180512410045679e+01 3.422580465455663301e+01 3.424162146569484833e+01 3.416364501566878431e+01 3.424782868725391438e+01 3.422816442229814982e+01 3.421271232015607211e+01 3.415910773990269433e+01 3.417240828927612029e+01 3.419609383816808901e+01 3.417524429440873490e+01 3.414761690613529055e+01 3.415908898769246349e+01 3.418130881894492035e+01 3.424547316895068150e+01 3.421874284396441368e+01 3.425070247514759814e+01 3.424542806818231355e+01 3.415915373552284251e+01
3.415966067112282900e+01 3.424233661850570343e+01 3.417251730436075974e+01 3.420163660614322509e+01 3.423642450003013948e+01 3.420885653091773548e+01 3.422907566833968929e+01 3.417419714350446469e+01 3.419066896378885900e+01 3.416230107226448354e+01 3.420126050617793112e+01 3.418537271693633528e+01 3.422139014832931281e+01 3.423415601676587272e+01 3.417040830129658957e+01 3.423919212933433442e+01 3.422330655753540896e+01 3.421069240104021958e+01 3.416664214226459961e+01 3.417764458284784723e+01 3.419713606913020243e+01 3.418005843102186958e+01 3.415710905814571419e+01 3.416661775493168562e+01 3.418500932680603910e+01 3.423728040429858055e+01 3.421562713143225665e+01 3.424151650381877232e+01 3.423725565863303189e+01 3.416665109777616038e+01
3.416708354600231701e+01 3.423474211665880063e+01 3.417769025661237237e+01 3.420160872827530341e+01 3.422993935552605649e+01 3.420748816047704821e+01 3.422397281955905157e+01 3.417905979505332681e+01 3.419261743210399374e+01 3.416926220436069173e+01 3.420129030400590864e+01 3.418825242280400545e+01 3.421773233952878712e+01 3.422808778082592340e+01 3.417595343138352604e+01 3.423218662595662209e+01 3.421929304936297456e+01 3.420898629879204833e+01 3.417284406459955903e+01 3.418190850222195110e+01 3.419791484850123453e+01 3.418393160032623967e+01 3.416497616600828735e+01 3.417281945690249501e+01 3.418797696447864354e+01 3.423063034774060753e+01 3.421302442349907125e+01 3.423407470174903722e+01 3.423061636242911732e+01 3.417283672910281211e+01
3.417319958210766373e+01 3.422856782545702004e+01 3.418192348905850508e+01 3.420154261299052223e+01 3.422465570256580492e+01 3.420633901777888752e+01 3.421979742123522072e+01 3.418304156872338950e+01 3.419417640442727446e+01 3.417499171131755986e+01 3.420127645980936393e+01 3.419058848680851526e+01 3.421471578239394518e+01 3.422314300141103161e+01 3.418049654029589135e+01 3.422648573690995732e+01 3.421598903958900451e+01 3.420756285393911611e+01 3.417793799707902025e+01 3.418538690852314943e+01 3.419851410113580670e+01 3.418706703395920243e+01 3.417146512823927651e+01 3.417791540368626357e+01 3.419037435226634614e+01 3.422521635045479371e+01 3.421086730075145255e+01 3.422802358198162409e+01 3.422520814551037915e+01 3.417792441321562080e+01
3.417822593919849794e+01 3.422353604780357017e+01 3.418538770455928244e+01 3.420146625005519070e+01 3.422034393489153103e+01 3.420538354689281135e+01 3.421638077675333989e+01 3.418630125496585492e+01 3.419543392231707202e+01 3.417969728828782650e+01 3.420124548783194740e+01 3.419248963115783368e+01 3.421223529033317590e+01 3.421910735790429214e+01 3.418421704629466262e+01 3.422183694324635184e+01 3.421327517789874406e+01 3.420638397408535525e+01 3.418211615119551539e+01 3.418822779338295703e+01 3.419898494935833355e+01 3.418961533976339240e+01 3.417680148287340813e+01 3.418209633370829437e+01 3.419232021005223743e+01 3.422080027717696993e+01 3.420908807114572880e+01 3.422309168132014889e+01 3.422079525672112510e+01 3.418210107481981197e+01
3.418235017045659418e+01 3.421942910532065696e+01 3.418822259277749964e+01 3.420139232500650905e+01 3.421682166170004535e+01 3.420459390584080950e+01 3.421358494590585053e+01 3.418896941028127401e+01 3.419645362127712929e+01 3.418355671307172372e+01 3.420121004829591271e+01 3.419403999207733591e+01 3.421019928870889260e+01 3.421581043611596584e+01 3.418726306246874458e+01 3.421804113632997968e+01 3.421104916150266462e+01 3.420541204994997031e+01 3.418554021409225641e+01 3.419054970296600970e+01 3.419936022018577404e+01 3.419169169854072265e+01 3.418118186963975091e+01 3.418552325229605771e+01 3.419390434379248234e+01 3.421719385751065090e+01 3.420762488877646490e+01 3.421906599934353466e+01 3.421719064963322410e+01 3.418552578249393292e+01
3.418573081499189215e+01 3.421607378199873750e+01 3.419054247751377318e+01 3.420132595767908157e+01 3.421394245860398797e+01 3.420394374045889663e+01 3.421129709634978155e+01 3.419115318260350733e+01 3.419728326129131801e+01 3.418671947570478409e+01 3.420117586248865393e+01 3.419530592691370430e+01 3.420853001555558137e+01 3.421311533222411327e+01 3.418975644050013329e+01 3.421493925635992639e+01 3.420922488684286122e+01 3.420461299321405590e+01 3.418834477500403324e+01 3.419244831987933964e+01 3.419966215922647734e+01 3.419338622506705860e+01 3.418477340604262338e+01 3.418833045116173963e+01 3.419519646710975991e+01 3.421424641696840752e+01 3.420642383354565652e+01 3.421577693134855735e+01 3.421424428409581964e+01 3.418833183259297925e+01
