3.900000000000000000e+01 4.000000000000000000e+01 3.200000000000000000e+01 3.000000000000000000e+01 4.000000000000000000e+01 4.200000000000000000e+01 3.500000000000000000e+01 2.900000000000000000e+01 3.100000000000000000e+01 2.800000000000000000e+01 3.800000000000000000e+01 3.600000000000000000e+01 4.000000000000000000e+01 3.100000000000000000e+01 3.700000000000000000e+01 4.000000000000000000e+01 4.000000000000000000e+01 3.900000000000000000e+01 2.500000000000000000e+01 3.000000000000000000e+01 4.000000000000000000e+01 3.000000000000000000e+01 2.200000000000000000e+01 3.000000000000000000e+01 3.800000000000000000e+01 2.800000000000000000e+01 3.100000000000000000e+01 3.500000000000000000e+01 3.900000000000000000e+01 3.500000000000000000e+01
3.416541945122298785e+01 3.501365548174362630e+01 3.325352657912299037e+01 3.269737279810942709e+01 3.289191990873950999e+01 3.640699105529347435e+01 3.330892871733522043e+01 3.297693968177190982e+01 3.499293275440504658e+01 3.335339902529085521e+01 3.455322858347790316e+01 3.527246443197509507e+01 3.323102693361579441e+01 3.536212862460524775e+01 3.175390432748827152e+01 3.410292034069061629e+01 3.282675123179797083e+01 3.218259636592119932e+01 3.164420220397005323e+01 3.426763664605095983e+01 3.471534374429029413e+01 3.332894730084808543e+01 3.453446122410241514e+01 3.536961081334447954e+01 3.206058415485313162e+01 3.486357631569262594e+01 3.567039902188116685e+01 3.456552994425874203e+01 3.129763603478204459e+01 3.338519371557049453e+01
3.501750631895228594e+01 3.467549052345206917e+01 3.316831976965594464e+01 3.349089434108649499e+01 3.396120008482057528e+01 3.426333875659191364e+01 3.403887014747517270e+01 3.400805075788387910e+01 3.341793776325482668e+01 3.321534169407988912e+01 3.323490679501971101e+01 3.469009107566217409e+01 3.400891258390528549e+01 3.332240626648835047e+01 3.426580481668803202e+01 3.361604037827827085e+01 3.440012836855100176e+01 3.394645480546117255e+01 3.360460182165229526e+01 3.336292713816070687e+01 3.480543106663363773e+01 3.387890688622635338e+01 3.307185531634910092e+01 3.418294560269293925e+01 3.432688551924938025e+01 3.452284952184457012e+01 3.382070922840599536e+01 3.386833089571508282e+01 3.356246926292776322e+01 3.476269604837252558e+01
3.419728240391130925e+01 3.427624610333189992e+01 3.354823898326471010e+01 3.383688730898991537e+01 3.359912456196869357e+01 3.446316652153223714e+01 3.365411289873286904e+01 3.366581099177790293e+01 3.384986411701754605e+01 3.386091826758473644e+01 3.403808982862508969e+01 3.445803156493929720e+01 3.362413511065710736e+01 3.385127128211773595e+01 3.369016831169211201e+01 3.383142665909088720e+01 3.404891217595007191e+01 3.360281101505970724e+01 3.381279939480100438e+01 3.373739298084611704e+01 3.426190743923441318e+01 3.369391379952574539e+01 3.383269863830707891e+01 3.434021906455966899e+01 3.358932609561125560e+01 3.434336209312041888e+01 3.433159829847109989e+01 3.370555013869214633e+01 3.346332289560748308e+01 3.388343734563986942e+01
3.427812552075636177e+01 3.422173972127504982e+01 3.368489093963137293e+01 3.379194520051049011e+01 3.377041110667843071e+01 3.415260638024155071e+01 3.374248350672726815e+01 3.374516296801932924e+01 3.370099781287177620e+01 3.387715531110094958e+01 3.382560187432200394e+01 3.427207834981017243e+01 3.377526134684848103e+01 3.369914473899093110e+01 3.397919493287940895e+01 3.370853459899911542e+01 3.406727885659444865e+01 3.389950132964933260e+01 3.396947149383870368e+01 3.375030125913653478e+01 3.424803515593784908e+01 3.391843844489754645e+01 3.372849863934204251e+01 3.414806478975885540e+01 3.378965507937546420e+01 3.416311622486622923e+01 3.406749975848886436e+01 3.374690003668592198e+01 3.378604629813245452e+01 3.412528259231297767e+01
3.412346297983521026e+01 3.410495393280456256e+01 3.378284342571831900e+01 3.388523072602385611e+01 3.376359436032790029e+01 3.414276011227561014e+01 3.372957143722880602e+01 3.373946140411639760e+01 3.375594824606026378e+01 3.394861228641828887e+01 3.395398164641887462e+01 3.417819593831777780e+01 3.376946659716617916e+01 3.377064059219521397e+01 3.391540172991815183e+01 3.374892063149982846e+01 3.403460078936995359e+01 3.386469631930625468e+01 3.397982539313325390e+01 3.381235401154350484e+01 3.411949569037135888e+01 3.388327913909555633e+01 3.384916714456487341e+01 3.410368599572834114e+01 3.374693864404590471e+01 3.412591579757597771e+01 3.408299372904151880e+01 3.374387487592427703e+01 3.380803699189907263e+01 3.398904200804825848e+01
3.409252348935657295e+01 3.407437040911091231e+01 3.382634898110009658e+01 3.388311244507802655e+01 3.380761600487041107e+01 3.406436091305918978e+01 3.376189493816339393e+01 3.377094996524817105e+01 3.376583088645441677e+01 3.394950558575200716e+01 3.392377034287011384e+01 3.410916329702960326e+01 3.380212213123186160e+01 3.377792950808744621e+01 3.394491861631270524e+01 3.376183750767130221e+01 3.400640319911980214e+01 3.390960668106662723e+01 3.398510042436728895e+01 3.383869037933912693e+01 3.408527047429749501e+01 3.392235677993305387e+01 3.385494334186734733e+01 3.405694878645487478e+01 3.378902111507610329e+01 3.405957626383022330e+01 3.402946113730734368e+01 3.376892542690217169e+01 3.386663898036077569e+01 3.400683700550322897e+01
3.404496810183434974e+01 3.403064737410610263e+01 3.385395489610067443e+01 3.390212404172999783e+01 3.382329678200260759e+01 3.403876829691437678e+01 3.378359565124775798e+01 3.379188619616056855e+01 3.379309197778582785e+01 3.395194665356820707e+01 3.393833070258585138e+01 3.406419930499935589e+01 3.382187311728545609e+01 3.380665162427764159e+01 3.393527689077686915e+01 3.378712432173358593e+01 3.399159102568138735e+01 3.390798892794371255e+01 3.397607974881766779e+01 3.385673924714496508e+01 3.403972765467251804e+01 3.391638349601026903e+01 3.387828335716680073e+01 3.402490342458980876e+01 3.380355904887280616e+01 3.403414427771912187e+01 3.400995169926146389e+01 3.379174591293110552e+01 3.387994334758864312e+01 3.397532983733381684e+01
3.401886211699000739e+01 3.400844551853402464e+01 3.386959188714643432e+01 3.390325927177187282e+01 3.384300535289082745e+01 3.400812738195076435e+01 3.380700206134503105e+01 3.381415265450991114e+01 3.381277679126372959e+01 3.394682510667718844e+01 3.393099852291049956e+01 3.403058046102119505e+01 3.383891419173193782e+01 3.382378505004537317e+01 3.393458360660605422e+01 3.380829192668470995e+01 3.397401400206415190e+01 3.391443711941180084e+01 3.396662500250938166e+01 3.386995448040561740e+01 3.401494816838155799e+01 3.392147088480284367e+01 3.388553918719409097e+01 3.400178648409374915e+01 3.382524678648898231e+01 3.400495966213132704e+01 3.398841110629236084e+01 3.381255543311653611e+01 3.389283543734919135e+01 3.396730008013988567e+01
3.399582754170926790e+01 3.398707600178414623e+01 3.388005678152473621e+01 3.390743883936085723e+01 3.385564522405309162e+01 3.398945393434341611e+01 3.382593730087819495e+01 3.383186371705922113e+01 3.383141751753078097e+01 3.394163844692322130e+01 3.392989694850845694e+01 3.400568485504572891e+01 3.385313244759002060e+01 3.384109780084269659e+01 3.393019583406986328e+01 3.382722822513212435e+01 3.396276291550329773e+01 3.391410338582833361e+01 3.395710259513169404e+01 3.387863663535939196e+01 3.399249358561704071e+01 3.391916350264192204e+01 3.389259945777294547e+01 3.398294673564647184e+01 3.384047567434888748e+01 3.398716515499809532e+01 3.397337550908400772e+01 3.383094978021116361e+01 3.389801154910131942e+01 3.395451728788990664e+01
3.397898574415435746e+01 3.397231136956989417e+01 3.388716050972679739e+01 3.390818486252106823e+01 3.386694311919802658e+01 3.397310151459378602e+01 3.384218859173474669e+01 3.384707485417786899e+01 3.384636721286152294e+01 3.393640423253636129e+01 3.392612929623961548e+01 3.398636068363141050e+01 3.386428421618776952e+01 3.385420293007541659e+01 3.392707265996189392e+01 3.384304232974945847e+01 3.395222516130442614e+01 3.391456034004313125e+01 3.394874783107940885e+01 3.388562395752528289e+01 3.397645887476488724e+01 3.391872948133321586e+01 3.389663539257647784e+01 3.396875807970073424e+01 3.385427408460104459e+01 3.397126498252335836e+01 3.396091712329369727e+01 3.384602525556416452e+01 3.390189389446643986e+01 3.394664639717906596e+01
3.396534247743024082e+01 3.395987221984928794e+01 3.389235628754715890e+01 3.390927153501271363e+01 3.387548516029840329e+01 3.396092839823229070e+01 3.385538447878357005e+01 3.385935140139618227e+01 3.385886918524123956e+01 3.393181300064770767e+01 3.392367610521159804e+01 3.397126807036278251e+01 3.387349219031280967e+01 3.386534037535041364e+01 3.392407791855205090e+01 3.385607975670572500e+01 3.394439046397766901e+01 3.391404143729766218e+01 3.394168601748238956e+01 3.389074380044777257e+01 3.396324983037346357e+01 3.391725963533768606e+01 3.389985053031721662e+01 3.395720711971952710e+01 3.386511028090890818e+01 3.395954205159775796e+01 3.395110772310487590e+01 3.385857455340494937e+01 3.390411575616759876e+01 3.393942353096779385e+01
3.395462740702766524e+01 3.395031034401588954e+01 3.389625687618656258e+01 3.390966421402869457e+01 3.388253522611842783e+01 3.395097629199423750e+01 3.386619033268605961e+01 3.386940713173000717e+01 3.386896362230598356e+01 3.392792851394885645e+01 3.392123799904761228e+01 3.395930231130742527e+01 3.388080831715852526e+01 3.387418635549710899e+01 3.392164180554894415e+01 3.386672320741344322e+01 3.393778555726383672e+01 3.391366317828158827e+01 3.393583225339219922e+01 3.389486687442625623e+01 3.395298184205826431e+01 3.391626977356951045e+01 3.390216768859143315e+01 3.394814477489220650e+01 3.387408508444873689e+01 3.394985526736754622e+01 3.394323046869666882e+01 3.386872177908682602e+01 3.390575286322805937e+01 3.393396218741933978e+01
3.394602974804361395e+01 3.394253797295154129e+01 3.389927319547806661e+01 3.391004414724583427e+01 3.388811232889128178e+01 3.394314037545531448e+01 3.387492036072711699e+01 3.387751568605545316e+01 3.387717022546561196e+01 3.392470727515828344e+01 3.391934039441227355e+01 3.394977613631281343e+01 3.388674665597431357e+01 3.388140450830597672e+01 3.391961201297284845e+01 3.387534615803613747e+01 3.393259607722702498e+01 3.391320484728614559e+01 3.393105460781713845e+01 3.389807472474021921e+01 3.394469344766271490e+01 3.391527362498656117e+01 3.390399124798761932e+01 3.394082889262421077e+01 3.388127570846968695e+01 3.394226025177829342e+01 3.393691474041193601e+01 3.387697482821571526e+01 3.390689823811552372e+01 3.392944073883127487e+01
3.393915991975340773e+01 3.393636839785069981e+01 3.390163820213781776e+01 3.391026080858806324e+01 3.389262521190398303e+01 3.393682265459391090e+01 3.388197922261394979e+01 3.388407197083171951e+01 3.388378486737392592e+01 3.392207737809684431e+01 3.391773492138506896e+01 3.394215602253582631e+01 3.389150372226954744e+01 3.388719554219235874e+01 3.391796197510171851e+01 3.388231727882183009e+01 3.392836659025310553e+01 3.391282898579770233e+01 3.392717247248631907e+01 3.390065185572531448e+01 3.393809277120661960e+01 3.391449511508229619e+01 3.390540857618937309e+01 3.393499303657515753e+01 3.388710388665832340e+01 3.393611380171769554e+01 3.393184681684811466e+01 3.388362572280796314e+01 3.390777529825477643e+01 3.392585661168580202e+01
3.393364463122082952e+01 3.393139646783717467e+01 3.390351251067375671e+01 3.391044151888916502e+01 3.389623842012561283e+01 3.393177231052172260e+01 3.388766607700819122e+01 3.388935085996217111e+01 3.388912131633789215e+01 3.391994006709546738e+01 3.391644881697536107e+01 3.393604955092153830e+01 3.389533973286702917e+01 3.389187097316319353e+01 3.391662289338123770e+01 3.388793684903551906e+01 3.392498715641153950e+01 3.391249816378382320e+01 3.392403532217242201e+01 3.390270214840859353e+01 3.393278400006842332e+01 3.391383258407470436e+01 3.390653564333500469e+01 3.393029633730690620e+01 3.389178915111426704e+01 3.393120679676206919e+01 3.392777359161816264e+01 3.388899334124742069e+01 3.390844602172970212e+01 3.392295523891100117e+01
3.392921803618864374e+01 3.392741330836528135e+01 3.390500628588700494e+01 3.391057020056405946e+01 3.389914808042146888e+01 3.392771051937417326e+01 3.389224692617750634e+01 3.389360290386374430e+01 3.389341671872146833e+01 3.391821272764293127e+01 3.391540035297491329e+01 3.393114851511127483e+01 3.389842106928684018e+01 3.389562935858814541e+01 3.391554107020177611e+01 3.389246386854267001e+01 3.392225974646816411e+01 3.391222832374714358e+01 3.392150373996695123e+01 3.390434921270536961e+01 3.392852724928727071e+01 3.391330154876485636e+01 3.390743221520835959e+01 3.392652901826384237e+01 3.389556505068008363e+01 3.392725574354327023e+01 3.392450126024046142e+01 3.389331330564588285e+01 3.390897418018276710e+01 3.392063015201122766e+01
3.392566111705139065e+01 3.392420935009134553e+01 3.390620123563562771e+01 3.391067378778287633e+01 3.390148504646276706e+01 3.392444997835422527e+01 3.389593301536016412e+01 3.389702380169490681e+01 3.389687422164206509e+01 3.391681873479128484e+01 3.391455704162638085e+01 3.392721222540060921e+01 3.390090075554096671e+01 3.389865493195553370e+01 3.391466875083969512e+01 3.389610719747229695e+01 3.392007029109679195e+01 3.391200577261906801e+01 3.391946460139107700e+01 3.390566917079330977e+01 3.392510508877830233e+01 3.391286771586896975e+01 3.390814988589063717e+01 3.392349941375066180e+01 3.389860166421715348e+01 3.392408520743075684e+01 3.392187031542923847e+01 3.389679104975008528e+01 3.390939163179906757e+01 3.391875761907411402e+01
3.392280269638703061e+01 3.392163583027173956e+01 3.390715911544370442e+01 3.391075390743728946e+01 3.390336480689813925e+01 3.392182846603152768e+01 3.389889867703366377e+01 3.389977602913313603e+01 3.389965547509974186e+01 3.391569586162753325e+01 3.391387625416853524e+01 3.392404916441301310e+01 3.390289412838336602e+01 3.390108781045234565e+01 3.391396610274016155e+01 3.389903860379043721e+01 3.391830803700955954e+01 3.391182565329336995e+01 3.391782296014088871e+01 3.390672996985110643e+01 3.392235568174446314e+01 3.391251871481101432e+01 3.390872493829856893e+01 3.392106514642245685e+01 3.390104500157071499e+01 3.392153520581216242e+01 3.391975545954633020e+01 3.389958847133578246e+01 3.390972462399793130e+01 3.391725316639034560e+01
3.392050488188686330e+01 3.391956645980717155e+01 3.390792794648540109e+01 3.391081813316725402e+01 3.390487583830658735e+01 3.391972159329360181e+01 3.390128396533523869e+01 3.390198952907200436e+01 3.390189260824579520e+01 3.391479185516570283e+01 3.391332858436106790e+01 3.392150679826707460e+01 3.390449734082987732e+01 3.390304472454743490e+01 3.391340058863990947e+01 3.390139644353020287e+01 3.391689162209681285e+01 3.391167969203959132e+01 3.391650213232212963e+01 3.390758204796590292e+01 3.392014520481635742e+01 3.391223677515459656e+01 3.390918655036071527e+01 3.391910781926560503e+01 3.390300986910110481e+01 3.391948597866159787e+01 3.391805500438786680e+01 3.390183870638456654e+01 3.390999082585388891e+01 3.391604299667440614e+01
3.391865758611920256e+01 3.391790302586778694e+01 3.390854549222740388e+01 3.391086915599745311e+01 3.390609092762115750e+01 3.391802760640644010e+01 3.390320231731719502e+01 3.390376969927105932e+01 3.390369172773510797e+01 3.391406450256183547e+01 3.391288768451154567e+01 3.391946297625786144e+01 3.390578638621419572e+01 3.390461831274225091e+01 3.391294558520833391e+01 3.390329275976299073e+01 3.391575240132719671e+01 3.391156201850665752e+01 3.391543963083123714e+01 3.390826702712387686e+01 3.391836824512722615e+01 3.391200994650968426e+01 3.390955729323960810e+01 3.391753430796727287e+01 3.390459011757117480e+01 3.391783818292212516e+01 3.391668782692561734e+01 3.390364834255372273e+01 3.391020425160779439e+01 3.391507010804507161e+01
3.391717233986741320e+01 3.391656550737021547e+01 3.390904174122664472e+01 3.391091010118680060e+01 3.390706788396382620e+01 3.391666569950458410e+01 3.390474498778451817e+01 3.390520122373963119e+01 3.390513854020156970e+01 3.391347940021777418e+01 3.391253307359900049e+01 3.391781978816203491e+01 3.390682295718067252e+01 3.390588374561080087e+01 3.391257960530970195e+01 3.390481773085901551e+01 3.391483646130906493e+01 3.391146716281760831e+01 3.391458510227301559e+01 3.390881762570445090e+01 3.391693950008556158e+01 3.391182729719618294e+01 3.390985522115590811e+01 3.391626909545000501e+01 3.390586083901197867e+01 3.391651343630648796e+01 3.391558851637585548e+01 3.390510363100517566e+01 3.391037552572188218e+01 3.391428774805165602e+01
3.391597814612822503e+01 3.391549012573143784e+01 3.390944062037900153e+01 3.391094289998592615e+01 3.390785345275106977e+01 3.391557064441443003e+01 3.390598551043809294e+01 3.390635236348332882e+01 3.390630196652405459e+01 3.391300882277051443e+01 3.391224782891313083e+01 3.391649862388724301e+01 3.390765643968363463e+01 3.390690128431413797e+01 3.391228526190842985e+01 3.390604403020702762e+01 3.391409991310165140e+01 3.391139081395868971e+01 3.391389788843511610e+01 3.390926031035817800e+01 3.391579075583735658e+01 3.391168038830222287e+01 3.391009468588381992e+01 3.391525182231291780e+01 3.390688267547471924e+01 3.391544823125995833e+01 3.391470460189247405e+01 3.390627387010248839e+01 3.391051310125795482e+01 3.391365869222411789e+01
