4.100000000000000000e+01 3.000000000000000000e+01 4.100000000000000000e+01 3.600000000000000000e+01 4.300000000000000000e+01 2.300000000000000000e+01 3.800000000000000000e+01 4.100000000000000000e+01 3.000000000000000000e+01 3.300000000000000000e+01 3.100000000000000000e+01 3.500000000000000000e+01 3.600000000000000000e+01 4.100000000000000000e+01 3.400000000000000000e+01 3.800000000000000000e+01 3.600000000000000000e+01 3.800000000000000000e+01 4.800000000000000000e+01 2.800000000000000000e+01 3.200000000000000000e+01 2.500000000000000000e+01 3.000000000000000000e+01 3.000000000000000000e+01 1.800000000000000000e+01 2.400000000000000000e+01 3.500000000000000000e+01 3.400000000000000000e+01 4.300000000000000000e+01 3.800000000000000000e+01
3.509263692419335712e+01 3.545371013019030215e+01 3.376540038570237812e+01 3.283357778363279067e+01 3.335581996315886499e+01 3.407341460196767002e+01 3.692956601589685306e+01 3.495193638435739558e+01 3.167959713999880478e+01 3.600424634083901765e+01 3.164750927942804992e+01 3.357591081532882527e+01 3.429205152569193160e+01 3.400427404331276193e+01 3.532852761853428092e+01 3.792173832308617420e+01 3.507609881979442434e+01 3.315794123853265774e+01 3.410685096848465037e+01 3.390178002530592494e+01 3.184985556249739602e+01 3.090188431462229346e+01 3.551004988246131688e+01 3.392099026041978505e+01 3.192632901854813099e+01 3.828975068126601400e+01 3.296671655529644340e+01 3.453811597709864145e+01 3.537136307290347759e+01 3.544718712847679853e+01
3.467881502553399287e+01 3.559644251556941441e+01 3.399538573435897604e+01 3.294860536168548748e+01 3.549923054118928434e+01 3.383912848363738135e+01 3.449758307043957473e+01 3.383533653893862692e+01 3.340164743478053566e+01 3.443048979733087833e+01 3.329264016130659343e+01 3.342986049664131798e+01 3.409497357900645653e+01 3.562045533708146650e+01 3.365650804370940108e+01 3.459059625387839532e+01 3.437122018892870301e+01 3.343276459321570826e+01 3.449276971913759127e+01 3.337396545966895900e+01 3.345597589060258770e+01 3.284466734671360655e+01 3.477430684328939492e+01 3.450225478879998775e+01 3.298580133358266409e+01 3.459569110669159642e+01 3.420252187657447962e+01 3.559259338537664519e+01 3.491602833417458385e+01 3.433288305025205744e+01
3.426446500089495117e+01 3.498597378763173538e+01 3.387678957542276237e+01 3.364980341816764309e+01 3.478126250546308285e+01 3.389685558716513469e+01 3.455253041124112912e+01 3.405763282837489214e+01 3.354178607319494176e+01 3.430221900898631304e+01 3.374293702648826354e+01 3.374449013476628068e+01 3.426384553978178360e+01 3.461106433847624686e+01 3.400764999717929982e+01 3.508612709398863672e+01 3.419736466863423630e+01 3.407786461879966566e+01 3.399358936876643611e+01 3.381832121175344241e+01 3.362801601381288208e+01 3.346991544618391146e+01 3.440806647042052191e+01 3.401554660455914814e+01 3.363920321367283606e+01 3.501086449788758159e+01 3.396141557214829731e+01 3.491424842411175433e+01 3.491648091351756023e+01 3.414254457159955791e+01
3.412109691677731149e+01 3.481187670259846101e+01 3.394145403842831854e+01 3.388086671536429861e+01 3.467577218088132440e+01 3.410958965952445965e+01 3.446898136905799959e+01 3.392981812860867308e+01 3.388561266325168475e+01 3.406103954370649944e+01 3.388333689276310423e+01 3.392182693056152942e+01 3.420909941019485956e+01 3.466224092352612018e+01 3.392550323109440313e+01 3.466005981934835489e+01 3.426917549277644781e+01 3.402329350057129176e+01 3.404564955387773750e+01 3.388443944719305279e+01 3.388569918289121574e+01 3.375685722174486614e+01 3.415787574212549771e+01 3.406005488873145737e+01 3.378666173230676861e+01 3.464896058482030838e+01 3.415006927923632674e+01 3.476802641288833229e+01 3.463430385476805640e+01 3.405572493507420972e+01
3.403558311749320353e+01 3.462035327439582488e+01 3.398399627809693868e+01 3.401121456143852129e+01 3.453272076681393088e+01 3.413594277735660398e+01 3.440106648463225270e+01 3.401248629235359999e+01 3.396638768208614323e+01 3.404218283868021189e+01 3.403797077426362705e+01 3.398150477277984294e+01 3.426095528504146870e+01 3.449396830183050611e+01 3.398504492403184685e+01 3.457733033169984793e+01 3.426676799123296746e+01 3.415184811493841721e+01 3.399915890263793727e+01 3.396504493783465506e+01 3.400833715619821618e+01 3.389893334471052100e+01 3.406372942598756737e+01 3.399589397263981283e+01 3.394921643261319133e+01 3.455836456908967591e+01 3.417920659617703905e+01 3.459125371570368657e+01 3.453972318911981887e+01 3.401540692428568491e+01
3.401859661145648772e+01 3.451386772116075718e+01 3.400747070739051736e+01 3.408846114194949450e+01 3.445320770296843449e+01 3.418372207125364071e+01 3.436388095161141365e+01 3.401057958354100919e+01 3.404830774868645449e+01 3.401029306448776168e+01 3.409186843842984871e+01 3.404697081258699853e+01 3.426003311127099238e+01 3.443504150929132379e+01 3.400242024568253640e+01 3.446857945876586626e+01 3.427507214615095421e+01 3.416932197822279704e+01 3.401561531633598179e+01 3.401349906219084573e+01 3.407398209834718728e+01 3.398090892038793243e+01 3.402178199500367128e+01 3.401784073919348117e+01 3.400894349196324384e+01 3.445873542613446716e+01 3.421204178518405570e+01 3.449355217391072159e+01 3.444858523945645601e+01 3.402373711118971045e+01
3.401670573546885379e+01 3.443533477352584526e+01 3.403674923804987174e+01 3.412773114112214046e+01 3.439257089514141796e+01 3.419477022395150811e+01 3.433084713946423960e+01 3.404288344874655081e+01 3.408464263365904401e+01 3.402204725479320757e+01 3.413345287638942693e+01 3.407483136433144466e+01 3.426143915529422657e+01 3.437689240133511248e+01 3.402843901031845775e+01 3.440793997875694998e+01 3.426896185818537077e+01 3.419334551988897886e+01 3.402731991453063642e+01 3.404514561910560388e+01 3.411406551413480059e+01 3.403111233457919127e+01 3.401670382769302847e+01 3.402423908936018648e+01 3.405890785198976545e+01 3.440022010251626483e+01 3.422038348150552167e+01 3.442079451960893977e+01 3.439219617308583565e+01 3.402972079137317252e+01
3.402955459062118848e+01 3.438142042372630414e+01 3.405659930593546392e+01 3.415063881890716857e+01 3.435016462807149651e+01 3.420252153308602772e+01 3.430528665689293177e+01 3.405874537414486980e+01 3.411150282514026344e+01 3.403254398187960561e+01 3.415200356137830795e+01 3.409963484387267840e+01 3.425414961740310105e+01 3.433909101443992995e+01 3.404938818335239858e+01 3.435989640633524544e+01 3.426101645415464958e+01 3.419826441304974907e+01 3.404526212576482891e+01 3.407041767554685663e+01 3.413592486135100046e+01 3.406438891159046278e+01 3.402461454403314889e+01 3.404374541342058080e+01 3.408599178572045219e+01 3.435435220021373937e+01 3.422299532124426946e+01 3.437063595477732036e+01 3.434902999896734599e+01 3.404725218688609090e+01
3.404491290909022894e+01 3.434132325747594905e+01 3.407577946732470053e+01 3.416261327307181972e+01 3.431754829526609285e+01 3.420289255152626140e+01 3.428412093640316272e+01 3.407767361913160897e+01 3.412717709072305894e+01 3.404991451248862688e+01 3.416374572066666104e+01 3.411457195086052963e+01 3.424599813686221239e+01 3.430873917209980561e+01 3.406831389326643489e+01 3.432545572213568619e+01 3.425096331502039959e+01 3.420083296726930655e+01 3.406226769329298065e+01 3.408878793584337785e+01 3.414936158962245827e+01 3.408757704444327175e+01 3.403947604971971685e+01 3.405992277745875896e+01 3.410644916332209675e+01 3.432120629091063080e+01 3.422029858897045074e+01 3.433303058276470665e+01 3.431703423417147292e+01 3.406256892467471431e+01
3.406169237730404831e+01 3.431101125279455033e+01 3.409107982609052101e+01 3.416928280411884344e+01 3.429249384903553022e+01 3.420164271827621150e+01 3.426659545436784526e+01 3.409211812572855393e+01 3.413836577491591839e+01 3.406596789278794546e+01 3.416950738999393167e+01 3.412659311327019651e+01 3.423699462396797344e+01 3.428556120188537193e+01 3.408463847795320589e+01 3.429844871982994192e+01 3.424110933609172491e+01 3.419956416758625295e+01 3.407832767878517899e+01 3.410379769189667343e+01 3.415727539924594680e+01 3.410455787427604690e+01 3.405585616864389209e+01 3.407645975101694091e+01 3.412022484986941606e+01 3.429511403059811414e+01 3.421613259561991782e+01 3.430448867986029882e+01 3.429199547756340394e+01 3.407848659319668627e+01
3.407739509524439825e+01 3.428726221215985959e+01 3.410443213018020003e+01 3.417275664170372096e+01 3.427246643521422698e+01 3.419902148300148070e+01 3.425200034705310514e+01 3.410521880078295709e+01 3.414600967554666511e+01 3.408153402637370277e+01 3.417281917743465414e+01 3.413533647422637074e+01 3.422854970675688691e+01 3.426683434657935834e+01 3.409865202503261372e+01 3.427729271524878385e+01 3.423183627450498534e+01 3.419753171762155119e+01 3.409262940167086242e+01 3.411569812095794418e+01 3.416231909417651735e+01 3.411746031944169033e+01 3.407200566576704404e+01 3.409083675784507506e+01 3.413076774165386240e+01 3.427462434834572491e+01 3.421122909606496165e+01 3.428201604308501516e+01 3.427212495666928049e+01 3.409242848657541458e+01
3.409169594138025161e+01 3.426830549456417430e+01 3.411555914513021293e+01 3.417459118969551213e+01 3.425630810538858384e+01 3.419620720222354038e+01 3.423978413819022393e+01 3.411609360260591473e+01 3.415171697385581950e+01 3.409528409862811316e+01 3.417446619510096895e+01 3.414235944437186987e+01 3.422082954969523172e+01 3.425170220802444021e+01 3.411060769594940467e+01 3.426018847876374451e+01 3.422355137762519917e+01 3.419492391199742798e+01 3.410515093412990950e+01 3.412551965707101687e+01 3.416556453969632656e+01 3.412756333744444959e+01 3.408681244960420287e+01 3.410363053983245862e+01 3.413874302358897950e+01 3.425801583683274032e+01 3.420645268868963740e+01 3.426402967763787188e+01 3.425602037650419618e+01 3.410491478162722245e+01
3.410425043706343473e+01 3.425290361726077037e+01 3.412501345038678124e+01 3.417549355772804631e+01 3.424305089419807757e+01 3.419339873980964484e+01 3.422954723801631616e+01 3.412542230923844500e+01 3.415602340863217279e+01 3.410740289377471868e+01 3.417533185293505937e+01 3.414792001609138339e+01 3.421403797622603804e+01 3.423924043432371178e+01 3.412075239740465094e+01 3.424624695054114909e+01 3.421628380032276340e+01 3.419236942862172413e+01 3.411594549841273505e+01 3.413359583286535326e+01 3.416778429101597681e+01 3.413564949370407930e+01 3.409998004714710618e+01 3.411461633169900409e+01 3.414508301666018042e+01 3.424446043073102430e+01 3.420202087532889834e+01 3.424938020165562591e+01 3.424282549077167204e+01 3.411566270127034528e+01
3.411513576553276295e+01 3.424025399312193940e+01 3.413296215659900668e+01 3.417591248504808021e+01 3.423209972797025813e+01 3.419083057956263616e+01 3.422095164367986797e+01 3.413327251096573178e+01 3.415940952255838425e+01 3.411783390883454814e+01 3.417572871352307118e+01 3.415247080928438095e+01 3.420813967378369824e+01 3.422893232995448187e+01 3.412934179172721372e+01 3.423473906720707305e+01 3.421001305714166563e+01 3.418996630352089738e+01 3.412517652526015155e+01 3.414032201471750483e+01 3.416935259147767567e+01 3.414222576546766419e+01 3.411144042311400426e+01 3.412404708261904318e+01 3.415016619154702227e+01 3.423325799499605182e+01 3.419808160251966456e+01 3.423733091241430770e+01 3.423191269596827624e+01 3.412491064258023954e+01
3.412446219793844193e+01 3.422977786363291841e+01 3.413967071395065034e+01 3.417607048759668231e+01 3.422299000923319312e+01 3.418854019279782364e+01 3.421372953387515281e+01 3.413991739087867217e+01 3.416211363940795565e+01 3.412676902028415071e+01 3.417589576897558601e+01 3.415620463355517700e+01 3.420308119064418406e+01 3.422034482751484319e+01 3.413659753041287104e+01 3.422518818734663881e+01 3.420464556816618540e+01 3.418782400757963558e+01 3.413302595907815373e+01 3.414593091208963926e+01 3.417051303449568422e+01 3.414763401048695357e+01 3.412130056958405788e+01 3.413206289007305827e+01 3.415432293920706996e+01 3.422395430494245971e+01 3.419464236483005948e+01 3.422734072479484979e+01 3.422283667769271176e+01 3.413277945724291129e+01
3.413240810786876978e+01 3.422105576145916928e+01 3.414531867621774808e+01 3.417609799828974104e+01 3.421538458861319754e+01 3.418654699333672653e+01 3.420765698966722113e+01 3.414551661256700754e+01 3.416431427586827141e+01 3.413436542986146804e+01 3.417593734189082966e+01 3.415930370701317287e+01 3.419876847557768684e+01 3.421317015110472681e+01 3.414272030730088403e+01 3.421722009730117264e+01 3.420007958735658349e+01 3.418594649205835623e+01 3.413967744878765842e+01 3.415062816030636128e+01 3.417139881285089587e+01 3.415211603445204958e+01 3.412971667263357745e+01 3.413886242695902240e+01 3.415774736583515647e+01 3.421618844043906904e+01 3.419168188916165718e+01 3.421901734985109300e+01 3.421525679726164526e+01 3.413946022034223660e+01
3.413914765863322742e+01 3.421376674207371593e+01 3.415007690443060540e+01 3.417606181048485325e+01 3.420901638080017193e+01 3.418483069941871832e+01 3.420254929672400834e+01 3.415023870276660034e+01 3.416612278571854944e+01 3.414080548824273365e+01 3.417592000910211425e+01 3.416188432417371956e+01 3.419510897785551151e+01 3.420715894615869956e+01 3.414788225092476637e+01 3.421055396535623316e+01 3.419620899222223187e+01 3.418432805885365156e+01 3.414530080179596894e+01 3.415456678759238685e+01 3.417209502756793427e+01 3.415584985037030918e+01 3.413686612018692301e+01 3.414461136471958724e+01 3.416059134487471738e+01 3.420968942304821780e+01 3.418915248602851165e+01 3.421205807953850808e+01 3.420890992772785921e+01 3.414511144577635093e+01
3.414484970753382242e+01 3.420766059458200914e+01 3.415408309935033770e+01 3.417599883772392388e+01 3.420367494897382699e+01 3.418336557685393728e+01 3.419825192947046588e+01 3.415421634417840835e+01 3.416762160245667701e+01 3.414625025861322172e+01 3.417587545475628019e+01 3.416404251139887549e+01 3.419201193164271757e+01 3.420211520622940071e+01 3.415223200849131757e+01 3.420496483962890721e+01 3.419293607207771402e+01 3.418294346554757368e+01 3.415004787668953412e+01 3.415787447846577862e+01 3.417265331870580525e+01 3.415897126857036170e+01 3.414292004873645681e+01 3.414946602407292175e+01 3.416296290776318756e+01 3.420423919767585375e+01 3.418700304272378077e+01 3.420622630704032474e+01 3.420358582145602355e+01 3.414988529983911292e+01
3.414966526236871402e+01 3.420253692399808187e+01 3.415745638878056667e+01 3.417592768602904840e+01 3.419918914576198432e+01 3.418212063238971865e+01 3.419463575356817842e+01 3.415756695383878139e+01 3.416886992852380445e+01 3.415084724213232903e+01 3.417582173797953260e+01 3.416585084135915196e+01 3.418939591105903020e+01 3.419787832082009515e+01 3.415589598335776600e+01 3.420027262981189864e+01 3.419017275805970257e+01 3.418176610324944420e+01 3.415405129730975631e+01 3.416065421454607076e+01 3.417310805476602553e+01 3.416158682754238640e+01 3.414803596623469417e+01 3.415356052570970036e+01 3.416494720999739343e+01 3.419966294570391341e+01 3.418518231984915445e+01 3.420133180074649459e+01 3.419911446227968810e+01 3.415391250663903833e+01
3.415372767648933916e+01 3.419823303504244905e+01 3.416029627892766030e+01 3.417585780221688196e+01 3.419541898842517469e+01 3.418106636611382498e+01 3.419159243605622578e+01 3.416038837997963640e+01 3.416991346806107543e+01 3.415472422801457952e+01 3.417576739836373889e+01 3.416736862642598282e+01 3.418718876867351497e+01 3.419431681150487634e+01 3.415898161069811323e+01 3.419632973801994780e+01 3.418784214481399175e+01 3.418076829561049834e+01 3.415742540331720534e+01 3.416299169840880268e+01 3.417348235341642493e+01 3.416378190855985508e+01 3.415235337754670297e+01 3.415701178808626537e+01 3.416661073452221586e+01 3.419581712320614031e+01 3.418364345158555295e+01 3.419721982965366891e+01 3.419535630357721345e+01 3.415730755342710978e+01
3.415715214633237906e+01 3.419461516820721414e+01 3.416268709116877034e+01 3.417579342629135652e+01 3.419224861182716069e+01 3.418017537392203309e+01 3.418903104491417366e+01 3.416276404466785266e+01 3.417078782457833341e+01 3.415799193986039484e+01 3.417571666587210188e+01 3.416864372848628051e+01 3.418532809337295220e+01 3.419132156272977596e+01 3.416157976999745927e+01 3.419301457685106982e+01 3.418587778288891599e+01 3.417992471267339027e+01 3.416026792410242052e+01 3.416495794338774772e+01 3.417379275562471008e+01 3.416562600026274055e+01 3.415599374844844505e+01 3.415991944960408233e+01 3.416800733621705177e+01 3.419258337492588140e+01 3.418234460443734690e+01 3.419376296374318969e+01 3.419219597031188584e+01 3.416016812145188197e+01
3.416003746839245991e+01 3.419157254671030444e+01 3.416469973354175949e+01 3.417573617576658762e+01 3.418958168788022078e+01 3.417942342730771088e+01 3.418687515928644416e+01 3.416476413673209578e+01 3.417152160272514294e+01 3.416074488722470903e+01 3.417567117934117249e+01 3.416971571013954190e+01 3.418376029528858595e+01 3.418880178220713617e+01 3.416376725743516118e+01 3.419022609798406620e+01 3.418422285656939152e+01 3.417921256227508309e+01 3.416266195066617684e+01 3.416661232751226862e+01 3.417405145131439070e+01 3.416717627749645203e+01 3.415906148164055622e+01 3.416236844614639523e+01 3.416918088380334240e+01 3.418986326148217358e+01 3.418124936461057217e+01 3.419085556477091359e+01 3.418953745679447564e+01 3.416257760648472441e+01
