4.100000000000000000e+01 3.000000000000000000e+01 4.100000000000000000e+01 3.600000000000000000e+01 4.300000000000000000e+01 2.300000000000000000e+01 3.800000000000000000e+01 4.100000000000000000e+01 3.000000000000000000e+01 3.300000000000000000e+01 3.100000000000000000e+01 3.500000000000000000e+01 3.600000000000000000e+01 4.100000000000000000e+01 3.400000000000000000e+01 3.800000000000000000e+01 3.600000000000000000e+01 3.800000000000000000e+01 4.800000000000000000e+01 2.800000000000000000e+01 3.200000000000000000e+01 2.500000000000000000e+01 3.000000000000000000e+01 3.000000000000000000e+01 1.800000000000000000e+01 2.400000000000000000e+01 3.500000000000000000e+01 3.400000000000000000e+01 4.300000000000000000e+01 3.800000000000000000e+01
3.582275874312290398e+01 3.759197629570007848e+01 3.310993350193894003e+01 3.248890381263117888e+01 3.139342049707192928e+01 3.438603322571361787e+01 3.862394691618828801e+01 3.498886979892267846e+01 2.969751186793655506e+01 3.599566325533669442e+01 3.018424776455503888e+01 3.458991744562808890e+01 3.439637914020568132e+01 3.703033436768600950e+01 3.495617563109408366e+01 3.578622903637733543e+01 3.598552401593769901e+01 2.879967092045990285e+01 3.390003660555521492e+01 3.516702014091424644e+01 3.244607154962432105e+01 2.943549274991892162e+01 3.654460563980501320e+01 3.375793075203910121e+01 3.124501685190989519e+01 4.029545134852378396e+01 3.365915834073530277e+01 3.662910972593817860e+01 3.188503370258513314e+01 3.882933524640247924e+01
3.500988652656832301e+01 3.445883661622071514e+01 3.455760695478044653e+01 3.220755049594355057e+01 3.715852561976921464e+01 3.277573032112301377e+01 3.331113345289475092e+01 3.578715260411537713e+01 3.178750288177848304e+01 3.637590984724990051e+01 3.336959474339318632e+01 3.247787244550216457e+01 3.495354152080551557e+01 3.454756883175766546e+01 3.323238953674974283e+01 3.642254737512803331e+01 3.409777750612641256e+01 3.410246718142727929e+01 3.478551885432156610e+01 3.240384600443913143e+01 3.232409691611461966e+01 3.154216512098501823e+01 3.562740991754940012e+01 3.457668540042663352e+01 3.277339461650601038e+01 3.501723615877753559e+01 3.333555067463740329e+01 3.498243860830798724e+01 3.727879828678187835e+01 3.412925661094248397e+01
3.505662257681933625e+01 3.593145828533400277e+01 3.342684494343316004e+01 3.280535929307233545e+01 3.496556373107134874e+01 3.389823654423549470e+01 3.540294997674838839e+01 3.353482029291830457e+01 3.343087486085068605e+01 3.427546345190224741e+01 3.266949138881965808e+01 3.361820802027831689e+01 3.386993439627809721e+01 3.571656831694972567e+01 3.386056584167543804e+01 3.477267102451908443e+01 3.448832894662231752e+01 3.302226684237338361e+01 3.473943629777186004e+01 3.351390016618209700e+01 3.305696272279665493e+01 3.261213501192446529e+01 3.496545432692087019e+01 3.512158735966065848e+01 3.234342540610713712e+01 3.538686721106417821e+01 3.390422946645671232e+01 3.586423750896886276e+01 3.451591935167729019e+01 3.478415616712803171e+01
3.453022808086471684e+01 3.515669762831206668e+01 3.380310645130650471e+01 3.341888572802945845e+01 3.497232720022550012e+01 3.356197631715586027e+01 3.462462162228355567e+01 3.436507652380715427e+01 3.295028039188453306e+01 3.478299814271058210e+01 3.360007588500181441e+01 3.339670926166295573e+01 3.429233122454617444e+01 3.453617779509389152e+01 3.437364244352692566e+01 3.549197271161564515e+01 3.410961832372360902e+01 3.399704992595281539e+01 3.391448512496065604e+01 3.378769809620415998e+01 3.320225499370720001e+01 3.307332980988654469e+01 3.484146724407082019e+01 3.389365942730042036e+01 3.352949786703509005e+01 3.535994026111841038e+01 3.370433790306235977e+01 3.500986160230146282e+01 3.525498778836685432e+01 3.424061708010466987e+01
3.436426268110596283e+01 3.507311123162835287e+01 3.400329338170375593e+01 3.345247280372153398e+01 3.501554080547926873e+01 3.390997725066721102e+01 3.450276322083846026e+01 3.380917173907766937e+01 3.373168265493998064e+01 3.416214219288637111e+01 3.354079651570303611e+01 3.365808730704146257e+01 3.410484062176682585e+01 3.493580418835321666e+01 3.374183023865186470e+01 3.481245229494687976e+01 3.425132305603798244e+01 3.363968736400169490e+01 3.436393369732368797e+01 3.359119055986813862e+01 3.370519506921601049e+01 3.346870607430125233e+01 3.446219820563794656e+01 3.433253756515541966e+01 3.334958905790435324e+01 3.469669072646305352e+01 3.414199008379141276e+01 3.513236731059926399e+01 3.488848840990199562e+01 3.407857345060799048e+01
3.426437930775063023e+01 3.493931870143363483e+01 3.379664661348321886e+01 3.382818298960633996e+01 3.461387803346035952e+01 3.398156089050913664e+01 3.463378060688511084e+01 3.396742688709046831e+01 3.361895357094056891e+01 3.415928862858336856e+01 3.379582569976040674e+01 3.386496252776820626e+01 3.419737379360298490e+01 3.461788067180852124e+01 3.411277162342449287e+01 3.487883528930353805e+01 3.423922981958168776e+01 3.401498074385533954e+01 3.393575160168855120e+01 3.396407551012951131e+01 3.365168742349494124e+01 3.363355811063846090e+01 3.431186816469679002e+01 3.402874682526878303e+01 3.370193357485257479e+01 3.492000583163560634e+01 3.394045542369017454e+01 3.485133353009349833e+01 3.468136228741990124e+01 3.419262359968426779e+01
3.410530620059400064e+01 3.473621972059858365e+01 3.400949240522338357e+01 3.381829944784472985e+01 3.471084937486744337e+01 3.400968676314398920e+01 3.439792527665063915e+01 3.401402422524949998e+01 3.384500482946189948e+01 3.413518551173859095e+01 3.391350470133976813e+01 3.381784448781709784e+01 3.422653980690752462e+01 3.458432394729199189e+01 3.392507426040224772e+01 3.470379073838813611e+01 3.423415052284141069e+01 3.400065359171345847e+01 3.406720087621589244e+01 3.381855274321421945e+01 3.391484827709057726e+01 3.376616559389918848e+01 3.419906150644668941e+01 3.402608626458079044e+01 3.380480240247891288e+01 3.460990001380892522e+01 3.416639328830155620e+01 3.474501591866938810e+01 3.470798587047053729e+01 3.397306723714481080e+01
3.409721626112588666e+01 3.468539105598063088e+01 3.392012537582554899e+01 3.397913113125484585e+01 3.453281282610858227e+01 3.411788084755045247e+01 3.447565068277247491e+01 3.392529807432531896e+01 3.392036323648349594e+01 3.400268522394179627e+01 3.395322113333553915e+01 3.397953428660289177e+01 3.421907057803100827e+01 3.453713355461388801e+01 3.398039960297612083e+01 3.460649019022144302e+01 3.427367512822731044e+01 3.406637631218823259e+01 3.401770580160814461e+01 3.396380138193454457e+01 3.392543733876768641e+01 3.385751964669955782e+01 3.409822528410089859e+01 3.405536465208069075e+01 3.384650690769175441e+01 3.461232215329871309e+01 3.412928895918995664e+01 3.465888418962090611e+01 3.453396148462313420e+01 3.406458207715249387e+01
3.403357700808484054e+01 3.457373053137130370e+01 3.398528779991110582e+01 3.401581585925122653e+01 3.451198218938830564e+01 3.411244530520483664e+01 3.438938159497062941e+01 3.402616984850392612e+01 3.395049464385721194e+01 3.405694081516787719e+01 3.405037698677054436e+01 3.396440373799033097e+01 3.425523289834131191e+01 3.445607820158697621e+01 3.400405768535946294e+01 3.455833256409510312e+01 3.425868377861446135e+01 3.413298373570247435e+01 3.398538652849389052e+01 3.396488397301538242e+01 3.400950936753178411e+01 3.391163073478139722e+01 3.407009964290589465e+01 3.397874577980084609e+01 3.395978042022925081e+01 3.452554209769812843e+01 3.417626716037390366e+01 3.456207763089922480e+01 3.452634364293285785e+01 3.400068235117053916e+01
3.402590739782785079e+01 3.452259592060178051e+01 3.399506545944104374e+01 3.406164052152266208e+01 3.445823283754558730e+01 3.415953190664941275e+01 3.437901731479421841e+01 3.398236021623144154e+01 3.402782105418229719e+01 3.399916531164529943e+01 3.406427431496419445e+01 3.402196682889558588e+01 3.424666840552429647e+01 3.443833655099493285e+01 3.397721722788747911e+01 3.448266515789845954e+01 3.427279781582994644e+01 3.413284345041861201e+01 3.402524672257323601e+01 3.398706875334170263e+01 3.405297417668145243e+01 3.396264920443580593e+01 3.402989213278854663e+01 3.402801667930740592e+01 3.396646959473406469e+01 3.446832994700145747e+01 3.419993406369994915e+01 3.451452041114799840e+01 3.445632693768038024e+01 3.401179358702938060e+01
3.401666436484506306e+01 3.446904512072156024e+01 3.400100115078379304e+01 3.410060829577491148e+01 3.441424206040109368e+01 3.416801623393863707e+01 3.435780528930366984e+01 3.402082289562969919e+01 3.403586747474635388e+01 3.401701581255086637e+01 3.410579712871925295e+01 3.404338814803956126e+01 3.425605420436460236e+01 3.439257699316929973e+01 3.401922733188737880e+01 3.444921128710681302e+01 3.426763908582370277e+01 3.417125556228683791e+01 3.399819150268146473e+01 3.402422546396191905e+01 3.407413030094990347e+01 3.399310041213802691e+01 3.402143610509671134e+01 3.400253878298212840e+01 3.402065798696192900e+01 3.443792541913668259e+01 3.419853460258818956e+01 3.445875101564973875e+01 3.442146153161396427e+01 3.401983314633097422e+01
3.401248152632014410e+01 3.442728820088404973e+01 3.402749865556261710e+01 3.411460846982971873e+01 3.439008089813161462e+01 3.417909805005135837e+01 3.433228341760210611e+01 3.402648961273148842e+01 3.407203098107053307e+01 3.401529826157571534e+01 3.412235261172488521e+01 3.405794697590657449e+01 3.425382227723465434e+01 3.436974547739345098e+01 3.401059493507938924e+01 3.440817445414553788e+01 3.426524813109364231e+01 3.417416665859140323e+01 3.402360200730495876e+01 3.402695401610832704e+01 3.410534397637067627e+01 3.402070749996354238e+01 3.401514474612338290e+01 3.401957680821999475e+01 3.403874618815179787e+01 3.439528073312534673e+01 3.421485081204189527e+01 3.442207634160402563e+01 3.439207475330755415e+01 3.401481535121626365e+01
3.401934763617352786e+01 3.439603292477637098e+01 3.403096622936412530e+01 3.413565712437412003e+01 3.435921970598325714e+01 3.418811451750603680e+01 3.432073478081670004e+01 3.403511051220460359e+01 3.408589382089648723e+01 3.401764144510626409e+01 3.413583418699946748e+01 3.407969835073438958e+01 3.425083766010654074e+01 3.434624846790378427e+01 3.403032856462642286e+01 3.437937616495796078e+01 3.426185078624516933e+01 3.418484115354358721e+01 3.402465893327590152e+01 3.405142522389283499e+01 3.411539708152437100e+01 3.404110389118876867e+01 3.401524442561850492e+01 3.402660569149977476e+01 3.405864359637536865e+01 3.437215235608935160e+01 3.421216317338530644e+01 3.438989388212689136e+01 3.436202232109050669e+01 3.403148172260335258e+01
3.402293129151701123e+01 3.436726108979288341e+01 3.404793402758367193e+01 3.414401854650067492e+01 3.433976233552759538e+01 3.418948612329581493e+01 3.430284999306388727e+01 3.405120789450258201e+01 3.409925714639813776e+01 3.403004592833656972e+01 3.414793584586452369e+01 3.408722206136968680e+01 3.424821047273247387e+01 3.432577176955742715e+01 3.403916618842762176e+01 3.435513316035273590e+01 3.425559784648195460e+01 3.419002054421952153e+01 3.403490888618027554e+01 3.405967804339010740e+01 3.412969317809601932e+01 3.405737751078442699e+01 3.402108602892757716e+01 3.403238615196428896e+01 3.407667752032024566e+01 3.434707284617080347e+01 3.421498779251691502e+01 3.436283849855559680e+01 3.434240611441551039e+01 3.403457062193980676e+01
3.403203890917113483e+01 3.434509476593908772e+01 3.405680621308396638e+01 3.415237723310407603e+01 3.432052221054632213e+01 3.419295623567901288e+01 3.429091036114704849e+01 3.405694885607849898e+01 3.411162083062731654e+01 3.403473467652884210e+01 3.415318484765927565e+01 3.409975595242257640e+01 3.424288613238088885e+01 3.431008010241386330e+01 3.404827631566190149e+01 3.433345021597075686e+01 3.425066268660415147e+01 3.419102141412094653e+01 3.404598711235573205e+01 3.407178774439780966e+01 3.413761487488994106e+01 3.407131129050717533e+01 3.402693557332078456e+01 3.404509945457829900e+01 3.408650312846830843e+01 3.432745697255730022e+01 3.421413911494658322e+01 3.434122026614770107e+01 3.432225578008832656e+01 3.404591736885092956e+01
3.404016649784515636e+01 3.432542866689524885e+01 3.406676530008083859e+01 3.415799879847136822e+01 3.430442745735417276e+01 3.419283285254986282e+01 3.427910512648748664e+01 3.406893115986410692e+01 3.411827860602836182e+01 3.404591174479082127e+01 3.415914816988385638e+01 3.410713362506677271e+01 3.423851360479415717e+01 3.429489710939444791e+01 3.405998109208660907e+01 3.431618512535231247e+01 3.424455993693111111e+01 3.419326852659590088e+01 3.405323865676919581e+01 3.408189258673493072e+01 3.414355160962407609e+01 3.408229844412938547e+01 3.403566227158808033e+01 3.405184465817391271e+01 3.409838705594462027e+01 3.431092113254013043e+01 3.421186374229351657e+01 3.432198126631013935e+01 3.430639696734161248e+01 3.405451195158749300e+01
3.404906275409983607e+01 3.430876266345527625e+01 3.407638101889997273e+01 3.416124473616886092e+01 3.429085221731354238e+01 3.419269863958846400e+01 3.426839979560020311e+01 3.407655281863698349e+01 3.412601237598193649e+01 3.405406608690622505e+01 3.416214397930342273e+01 3.411402626018902851e+01 3.423340055994474795e+01 3.428248071794112661e+01 3.406759754112353278e+01 3.430052740413702850e+01 3.423889346244437348e+01 3.419251490171753716e+01 3.406376653297259338e+01 3.408947557690127184e+01 3.414882215447837410e+01 3.409196279101814753e+01 3.404415565323313331e+01 3.406210272223506053e+01 3.410590883156123709e+01 3.429583164488109759e+01 3.421026684139398810e+01 3.430591328414347174e+01 3.429235184164902250e+01 3.406290970878171720e+01
3.405810965410808677e+01 3.429440227036822364e+01 3.408396590333713760e+01 3.416423273806605465e+01 3.427841392495281525e+01 3.419198893257726724e+01 3.425931642725418413e+01 3.408470860872469643e+01 3.413094572146714256e+01 3.406296654098576226e+01 3.416454272937888703e+01 3.412024836244628290e+01 3.422847971846322679e+01 3.427124481387422605e+01 3.407701801492591898e+01 3.428719400287321406e+01 3.423338184098209069e+01 3.419214555701206848e+01 3.407151166194368130e+01 3.409773380084529748e+01 3.415191388805869366e+01 3.410004017291108624e+01 3.405308060430306227e+01 3.407026907922376324e+01 3.411316203347177378e+01 3.428326727825015752e+01 3.420731838979155270e+01 3.429181103052923874e+01 3.427982053780034022e+01 3.407192037560580644e+01
3.406654404129403702e+01 3.428169565537639585e+01 3.409192151595598119e+01 3.416577554818874773e+01 3.426779513918423703e+01 3.419067134061710078e+01 3.425069421595225094e+01 3.409228250308140673e+01 3.413550807188951808e+01 3.407162489810974648e+01 3.416626332204975824e+01 3.412495945201900582e+01 3.422379270548694308e+01 3.426126392304450263e+01 3.408457228481556456e+01 3.427544515692278537e+01 3.422802122297667893e+01 3.419107582963156489e+01 3.407984705121403834e+01 3.410400722948810426e+01 3.415486729070285321e+01 3.410706910842692707e+01 3.406188885144971579e+01 3.407833788250578522e+01 3.411920896483277943e+01 3.427187304030931614e+01 3.420483063385513844e+01 3.427945101395735605e+01 3.426905957806638980e+01 3.407945388010648458e+01
3.407488279216356375e+01 3.427060836336639227e+01 3.409854969657447299e+01 3.416706399540525041e+01 3.425819995333437618e+01 3.418945559334277817e+01 3.424316071952176799e+01 3.409872986404388229e+01 3.413931425251804086e+01 3.407935043823316335e+01 3.416722934496935693e+01 3.412957011252839123e+01 3.421920766953778070e+01 3.425248121292613490e+01 3.409189636794722134e+01 3.426498712698971616e+01 3.422308261455879830e+01 3.418971217063040058e+01 3.408736419496560188e+01 3.411018315616716734e+01 3.415687406526843262e+01 3.411322423249271907e+01 3.407026118493728717e+01 3.408610722397503423e+01 3.412418641104698480e+01 3.426187351505882361e+01 3.420211390943228480e+01 3.426860870391578828e+01 3.425929777222829387e+01 3.408716252615356979e+01
3.408257781045671919e+01 3.426072219899734961e+01 3.410485581773532004e+01 3.416786441255582929e+01 3.424966403407331939e+01 3.418796813264220447e+01 3.423627105902362189e+01 3.410510265320099421e+01 3.414236955815562879e+01 3.408700877094874215e+01 3.416804104663934538e+01 3.413331036403893393e+01 3.421498297553169010e+01 3.424451254629392594e+01 3.409868729764086481e+01 3.425576330856630847e+01 3.421839716798396580e+01 3.418840993787532057e+01 3.409422303911102858e+01 3.411555718794460290e+01 3.415851794625610438e+01 3.411860214331704100e+01 3.407832110881015808e+01 3.409297532243169826e+01 3.412878643172869886e+01 3.425298239816594759e+01 3.419945665448966565e+01 3.425893051346859863e+01 3.425068115252089740e+01 3.409401789150155082e+01
3.408983775660973947e+01 3.425192349723214136e+01 3.411055712570772158e+01 3.416836095904290715e+01 3.424204431192020337e+01 3.418654887122134056e+01 3.423002587012262410e+01 3.411062186252447503e+01 3.414517144440495855e+01 3.409386779570793635e+01 3.416846854316126070e+01 3.413672683301495425e+01 3.421099008650001849e+01 3.423741648140993021e+01 3.410472942009128872e+01 3.424747084871355440e+01 3.421407813680844612e+01 3.418691705454767771e+01 3.410076294006557873e+01 3.412037390067843745e+01 3.415986423196618205e+01 3.412339649056005442e+01 3.408582099655227893e+01 3.409960535949038274e+01 3.413261900996696596e+01 3.424497282660823316e+01 3.419698618422771119e+01 3.425032831797709321e+01 3.424294363830185262e+01 3.410044356335794191e+01
3.409657133299261034e+01 3.424405344561031228e+01 3.411569873672684139e+01 3.416872233312555096e+01 3.423515463124185487e+01 3.418513931344078571e+01 3.422440519029350980e+01 3.411579937040603738e+01 3.414747887179643726e+01 3.410033101576161130e+01 3.416877354510926068e+01 3.413975139718938578e+01 3.420729903191263332e+01 3.423100263362555040e+01 3.411043082861991849e+01 3.424005508239982731e+01 3.421008275688250677e+01 3.418552886353458575e+01 3.410660962513180294e+01 3.412481101547925988e+01 3.416089400141246557e+01 3.412764788374774838e+01 3.409284416766012527e+01 3.410555552792109779e+01 3.413610665149834489e+01 3.423782589795001741e+01 3.419457167015787036e+01 3.424261300998566071e+01 3.423597252816328051e+01 3.410639267252768292e+01
3.410277884704071027e+01 3.423697375909191010e+01 3.412044862018119318e+01 3.416890002976064267e+01 3.422897341197046472e+01 3.418377025045437989e+01 3.421927269659824589e+01 3.412049092219699276e+01 3.414955595507360897e+01 3.410626380430140614e+01 3.416894914828264973e+01 3.414241677967287103e+01 3.420389266232331948e+01 3.422521265302316351e+01 3.411553784332186723e+01 3.423338134631653418e+01 3.420639754648338737e+01 3.418415052150511713e+01 3.411207440766616372e+01 3.412874174020571161e+01 3.416179109575956829e+01 3.413145786101003409e+01 3.409934518811911630e+01 3.411108091127715625e+01 3.413917142799405013e+01 3.423136533577367402e+01 3.419235860248787162e+01 3.423567887545974031e+01 3.422971369613497927e+01 3.411180065403444672e+01
3.410851383645244539e+01 3.423060620841560109e+01 3.412472199588975030e+01 3.416901621392687360e+01 3.422337765623247208e+01 3.418249253924691544e+01 3.421463546204227413e+01 3.412474976030303253e+01 3.415137181599848049e+01 3.411169771867270839e+01 3.416902967273352232e+01 3.414484216057298482e+01 3.420074862734721677e+01 3.421998663024493936e+01 3.412024785491746570e+01 3.422735793454560849e+01 3.420302227479890433e+01 3.418284092429120591e+01 3.411704062479635269e+01 3.413235205550440554e+01 3.416251125290489910e+01 3.413487718479508715e+01 3.410534001846799868e+01 3.411614136040473255e+01 3.414190274262421809e+01 3.422554337578225869e+01 3.419027775004261827e+01 3.422943643747587572e+01 3.422404529931908712e+01 3.411680778609187570e+01
3.411376659838603587e+01 3.422485441948590079e+01 3.412863911513642279e+01 3.416905875790147462e+01 3.421831915759951670e+01 3.418127835443993234e+01 3.421041662548097406e+01 3.412866074346459300e+01 3.415297630570793075e+01 3.411670630220107370e+01 3.416906953116412637e+01 3.414699595340447758e+01 3.419786979377401792e+01 3.421524606390106271e+01 3.412453681106121195e+01 3.422192249300798039e+01 3.419992343462791951e+01 3.418161813334023691e+01 3.412158647357880881e+01 3.413560203283592642e+01 3.416313145929538564e+01 3.413795343740426347e+01 3.411086051147799481e+01 3.412075423571872790e+01 3.414436687848095886e+01 3.422028147360493477e+01 3.418835585017193068e+01 3.422379577720766974e+01 3.421892699905112067e+01 3.412136103634446727e+01
3.411858696568544502e+01 3.421965548483445474e+01 3.413219505060122572e+01 3.416906157740532279e+01 3.421373990422316780e+01 3.418015578903376195e+01 3.420658440519223831e+01 3.413219931089489023e+01 3.415441874590275262e+01 3.412126949393763198e+01 3.416906139425863387e+01 3.414894976272864824e+01 3.419522784444792052e+01 3.421095531079802754e+01 3.412843999313184895e+01 3.421699981850031236e+01 3.419709168375932506e+01 3.418046542805345211e+01 3.412574905494427213e+01 3.413855452687725034e+01 3.416366204427535536e+01 3.414073117065863272e+01 3.411591984872744376e+01 3.412498904828371593e+01 3.414656672144234051e+01 3.421551376057237803e+01 3.418658824531942741e+01 3.421869758510747772e+01 3.421428974572879156e+01 3.412553436535815621e+01
3.412299471695006048e+01 3.421494896749915426e+01 3.413543075952061656e+01 3.416904101783025993e+01 3.420958525017542229e+01 3.417911329230424400e+01 3.420310468878516019e+01 3.413543536918091093e+01 3.415570024328380327e+01 3.412545170067227929e+01 3.416903532373181207e+01 3.415071026291302303e+01 3.419281300375737231e+01 3.420706068977183634e+01 3.413200848969321299e+01 3.421254258048451646e+01 3.419450346825906450e+01 3.417940365329796037e+01 3.412953626605472834e+01 3.414123839618185485e+01 3.416411777498819191e+01 3.414324031673280047e+01 3.412055586491850079e+01 3.412884181709324594e+01 3.414855905262888314e+01 3.421119710964276805e+01 3.418495810851018746e+01 3.421407992964484635e+01 3.421008508843159035e+01 3.412934323341195153e+01
3.412702186128821324e+01 3.421068254981244650e+01 3.413837913063078133e+01 3.416900024949123349e+01 3.420581847219548877e+01 3.417815155890662027e+01 3.419993883116528366e+01 3.413837661734378059e+01 3.415685724719721605e+01 3.412926609566945046e+01 3.416899289213906599e+01 3.415230154497541548e+01 3.419060661703522896e+01 3.420352603198906394e+01 3.413525102495418651e+01 3.420850047771659774e+01 3.419214066480775216e+01 3.417841922221597883e+01 3.413299853879518508e+01 3.414367034263673162e+01 3.416451972945081650e+01 3.414551223482548181e+01 3.412479371678055884e+01 3.413236300315577409e+01 3.415035401770145285e+01 3.420727937837403942e+01 3.418346764775327529e+01 3.420989438970224938e+01 3.420627237777286211e+01 3.413281525519965243e+01
3.413069907880316833e+01 3.420681338744025624e+01 3.414105826788171782e+01 3.416895247812566794e+01 3.420239749640560234e+01 3.417726853133534348e+01 3.419706260326647396e+01 3.414105434980901776e+01 3.415789711027365883e+01 3.413274610388039321e+01 3.416894190258921782e+01 3.415374493854580606e+01 3.418859222789105701e+01 3.420031661402035894e+01 3.413820884930382960e+01 3.420483234927191774e+01 3.418998605907880517e+01 3.417751421335995587e+01 3.413615022457781123e+01 3.414588402921923205e+01 3.416487095194082002e+01 3.414757069099123044e+01 3.412866439919744010e+01 3.413557136251298374e+01 3.415197843136810718e+01 3.420372461701990829e+01 3.418210111808264173e+01 3.420609772832327877e+01 3.420280975451756689e+01 3.413598422136654875e+01
3.413405224215721034e+01 3.420330103684551659e+01 3.414349850536653719e+01 3.416889844100351326e+01 3.419929089706306513e+01 3.417645739721891829e+01 3.419444634160559104e+01 3.414349323026924310e+01 3.415883596899860919e+01 3.413592045328959301e+01 3.416888784998635487e+01 3.415505130993792449e+01 3.418675549994500074e+01 3.419740013403065859e+01 3.414090044717607242e+01 3.420150245903079878e+01 3.418802137314678191e+01 3.417668381030374292e+01 3.413902307047589346e+01 3.414789353913746339e+01 3.416518347599782146e+01 3.414943753715888874e+01 3.413219691559876878e+01 3.413849450711735756e+01 3.415345032422091975e+01 3.420049644456531723e+01 3.418085278912920444e+01 3.420265094266736838e+01 3.419966581041645526e+01 3.413886965724084632e+01
3.413710970217604057e+01 3.420011156682820541e+01 3.414571773145808464e+01 3.416884302767196147e+01 3.419646831403673559e+01 3.417571553870672574e+01 3.419206735306002543e+01 3.414571114054088241e+01 3.415968550023824690e+01 3.413881177839312642e+01 3.416883176157573843e+01 3.415623770671159321e+01 3.418508076626607561e+01 3.419475022307015877e+01 3.414335078612218410e+01 3.419847738608560661e+01 3.418623144766046806e+01 3.417592235055070660e+01 3.414163997950786467e+01 3.414972102322509784e+01 3.416546152418121807e+01 3.415113194214028169e+01 3.413541792420077314e+01 3.414115848617748838e+01 3.415478362683273161e+01 3.419756350107116560e+01 3.417971298746864761e+01 3.419952088077398855e+01 3.419680900373357701e+01 3.414149944333016862e+01
3.413989542170965308e+01 3.419721394146534976e+01 3.414773717681704568e+01 3.416878800611646483e+01 3.419390278841593300e+01 3.417503694509191092e+01 3.418990382366708758e+01 3.414773070199652238e+01 3.416045393865444879e+01 3.414144670158778183e+01 3.416877693449523434e+01 3.415731416365792228e+01 3.418355498676313431e+01 3.419234115268650243e+01 3.414558181533336523e+01 3.419572887761737690e+01 3.418460088716979328e+01 3.417522649965260939e+01 3.414402220982793779e+01 3.415138255666881406e+01 3.416571017655622455e+01 3.415267041627462419e+01 3.413835397669662086e+01 3.414358347421188000e+01 3.415599408187308939e+01 3.419489849900018896e+01 3.417867272250050803e+01 3.419667695071046865e+01 3.419421265616843186e+01 3.414389399852110074e+01
3.414243297251372411e+01 3.419458059854481746e+01 3.414957471210326645e+01 3.416873439607964258e+01 3.419157079677632538e+01 3.417441729607328682e+01 3.418793577299652497e+01 3.414956788093041951e+01 3.416115091757275479e+01 3.414384586793801901e+01 3.416872376941851996e+01 3.415829188610679523e+01 3.418216513451480409e+01 3.419015097524707869e+01 3.414761173703782760e+01 3.419323065735662937e+01 3.418311603507397223e+01 3.417459041402188546e+01 3.414619166424409258e+01 3.415289310249683297e+01 3.416593367228603739e+01 3.415406807656285082e+01 3.414102881707923842e+01 3.414579199200886706e+01 3.415709249853670570e+01 3.419247582458798718e+01 3.417772455155287048e+01 3.419409238316586652e+01 3.419185257733939665e+01 3.414607417327222549e+01
3.414474383581929828e+01 3.419218695332368441e+01 3.415124630889719270e+01 3.416868345718917510e+01 3.418945036550393013e+01 3.417385193178382252e+01 3.418614580129924718e+01 3.415123974897957737e+01 3.416178288162279131e+01 3.414603043528717308e+01 3.416867326698628915e+01 3.415918031195776905e+01 3.418089947371693427e+01 3.418815942917911599e+01 3.414945950318977452e+01 3.419095953274003818e+01 3.418176416887477131e+01 3.417400999467967893e+01 3.414816606741614180e+01 3.415426713020491434e+01 3.416613467409045057e+01 3.415533812777796641e+01 3.414346507135383746e+01 3.414780219939715522e+01 3.415809027910935214e+01 3.419027334940400920e+01 3.417686021882535385e+01 3.419174294656493629e+01 3.418970665420864208e+01 3.414805907254198303e+01
3.414684770421284554e+01 3.419001067310274067e+01 3.415276735660314955e+01 3.416863531524489161e+01 3.418752223009726521e+01 3.417333630499393848e+01 3.418451746200179286e+01 3.415276103155427734e+01 3.416235657529905012e+01 3.414801918913209988e+01 3.416862582020793582e+01 3.415998758616683517e+01 3.417974719373040671e+01 3.418634823645711407e+01 3.415114077256984615e+01 3.418889454103021563e+01 3.418053351088700964e+01 3.417348059012600459e+01 3.414996326508000379e+01 3.415551659548913221e+01 3.416631617181170100e+01 3.415649254908490917e+01 3.414568345132269656e+01 3.414963192929873514e+01 3.415899683863251113e+01 3.418827060389486405e+01 3.417607290726585489e+01 3.418960681980377103e+01 3.418775537386687802e+01 3.414986556724555555e+01
3.414876291944496245e+01 3.418803178522970398e+01 3.415415110760388728e+01 3.416859037578561953e+01 3.418576868691902604e+01 3.417286641715006112e+01 3.418303623850720641e+01 3.415414509359435158e+01 3.416287758052404655e+01 3.414982928987508615e+01 3.416858149952646784e+01 3.416072152772336068e+01 3.417869823642774918e+01 3.418470100051768412e+01 3.415267068848189069e+01 3.418701666803308825e+01 3.417941339745736684e+01 3.417299796374783938e+01 3.415159882757678389e+01 3.415665315191974116e+01 3.416648017531984749e+01 3.415754207791712105e+01 3.414770302092482268e+01 3.415129723978235177e+01 3.415982069424391909e+01 3.418644928764663860e+01 3.417535585124682029e+01 3.418766440488999336e+01 3.418598076821408682e+01 3.415150980607413800e+01
3.415050609764218592e+01 3.418623214857261416e+01 3.415541008828483172e+01 3.416854863473917447e+01 3.418417379664514755e+01 3.417243828368697223e+01 3.418168876262361522e+01 3.415540447721981820e+01 3.416335086290346368e+01 3.415147677861951081e+01 3.416854044132001889e+01 3.416138876499456956e+01 3.417774350583761844e+01 3.418320270550319151e+01 3.415406279905639053e+01 3.418530883586561231e+01 3.417839395847009598e+01 3.417255825063973873e+01 3.415308717500665381e+01 3.415768694560816954e+01 3.416662863136873085e+01 3.415849637878404366e+01 3.414954136642618465e+01 3.415281265787282194e+01 3.416056967425558355e+01 3.418479283698513882e+01 3.417470293619074795e+01 3.418589790142583240e+01 3.418436675075905384e+01 3.415300608107321523e+01
3.415209256982235786e+01 3.418459538218515803e+01 3.415655550146192354e+01 3.416851004528648161e+01 3.418272313249290306e+01 3.417204835991324074e+01 3.418046292212479642e+01 3.415655025096502584e+01 3.416378100663697381e+01 3.415297601880588729e+01 3.416850250787858556e+01 3.416199551389009770e+01 3.417687459341438228e+01 3.418183984762396932e+01 3.415532941260025268e+01 3.418375549193081042e+01 3.417746623385236404e+01 3.417215769422210059e+01 3.415444155486422062e+01 3.415862731564507726e+01 3.416676316624180743e+01 3.415936421046524174e+01 3.415121452355104026e+01 3.415419170735700760e+01 3.416125060828595394e+01 3.418328618069170943e+01 3.417410856555642340e+01 3.418429125661709378e+01 3.418289868399709519e+01 3.415436767525837780e+01
3.415353630178978506e+01 3.418310664484145889e+01 3.415759757411811393e+01 3.416847452049507439e+01 3.418140355807298647e+01 3.417169330655391235e+01 3.417934774116649521e+01 3.415759272200953944e+01 3.416417197610133627e+01 3.415434032275324938e+01 3.416846760839509756e+01 3.416254730294649278e+01 3.417608385332026444e+01 3.418060011589215463e+01 3.415648188379304884e+01 3.418234258669465220e+01 3.417662201837586622e+01 3.417179294886167895e+01 3.415567389723942426e+01 3.415948276274071560e+01 3.416688516258000874e+01 3.416015347288114157e+01 3.415273721432077991e+01 3.415544652230011025e+01 3.416186981843324588e+01 3.418191572435799230e+01 3.417356752517260787e+01 3.418282989758338886e+01 3.418156328849209302e+01 3.415560664946779923e+01
3.415485005210858560e+01 3.418175246640349485e+01 3.415854565237814455e+01 3.416844188237872260e+01 3.418020319690197795e+01 3.417137006038544200e+01 3.417833319532396530e+01 3.415854116955537023e+01 3.416452743804872938e+01 3.415558175346849623e+01 3.416843557393820419e+01 3.416304914224957656e+01 3.417536429455083180e+01 3.417947234907900622e+01 3.415753042752050561e+01 3.418105735833630376e+01 3.417585382708652020e+01 3.417146085836234448e+01 3.415679520686123993e+01 3.416026093946997833e+01 3.416699588793201059e+01 3.416087133566523448e+01 3.415412286661508290e+01 3.415658828454244400e+01 3.416243293761305466e+01 3.418066908370056467e+01 3.417307510921379787e+01 3.418150061477463453e+01 3.418034853869786360e+01 3.415673398057043642e+01
3.415604547380646494e+01 3.418052063646675265e+01 3.415940818809759350e+01 3.416841197332647084e+01 3.417911123522596739e+01 3.417107582243883002e+01 3.417741020605851787e+01 3.415940406278670594e+01 3.416485065255582043e+01 3.415671132878369320e+01 3.416840622233973335e+01 3.416350559900137540e+01 3.417470953458202843e+01 3.417844641244546722e+01 3.415848442532631424e+01 3.417988822179971464e+01 3.417515484258649394e+01 3.417115855028374938e+01 3.415781543746882676e+01 3.416096886346206674e+01 3.416709641970636824e+01 3.416152429371042842e+01 3.415538374328785665e+01 3.415762714124218746e+01 3.416294509105173205e+01 3.417953503885188837e+01 3.417262697124879622e+01 3.418029142336740733e+01 3.417924348871503071e+01 3.415775971830414193e+01
3.415713317782636693e+01 3.417940005966035244e+01 3.416019291089873633e+01 3.416838460137933708e+01 3.417811786179147759e+01 3.417080801113376509e+01 3.417657049789060864e+01 3.416018912481766279e+01 3.416514457747359756e+01 3.415773910530622715e+01 3.416837937487915866e+01 3.416392078538940780e+01 3.417411376232190889e+01 3.417751308666240107e+01 3.415935238387777417e+01 3.417882466256216389e+01 3.417451884376119864e+01 3.417088338999255370e+01 3.415874368557729213e+01 3.416161287357124365e+01 3.416718774041114415e+01 3.416211824058978408e+01 3.415653103308046923e+01 3.415857233928419845e+01 3.416341092703195415e+01 3.417850339179249630e+01 3.417221915944974597e+01 3.417919143494855660e+01 3.417823821191475986e+01 3.415869298104662732e+01
3.415812284499517659e+01 3.417838066177422718e+01 3.416090683284630813e+01 3.416835958310447552e+01 3.417721415826440534e+01 3.417056427806515018e+01 3.417580655189672711e+01 3.416090336048921472e+01 3.416541189474726536e+01 3.415867422490160266e+01 3.416835484030264780e+01 3.416429845439393631e+01 3.417357167516850325e+01 3.417666400111683345e+01 3.416014205304021800e+01 3.417785712096487316e+01 3.417394016875574181e+01 3.417063295762448405e+01 3.415958823257336263e+01 3.416219875000991379e+01 3.416727071841889796e+01 3.416265852843265094e+01 3.415757493067367534e+01 3.415943231435536376e+01 3.416383464830386174e+01 3.417756487415842770e+01 3.417184806415021825e+01 3.417819076320843408e+01 3.417732367970869944e+01 3.415954209613855852e+01
3.415902328933876220e+01 3.417745328748131328e+01 3.416155634096082139e+01 3.416833673805543015e+01 3.417639201581304320e+01 3.417034247078713349e+01 3.417511152938443786e+01 3.416155316304698886e+01 3.416565502453622827e+01 3.415952503006263896e+01 3.416833244162847905e+01 3.416464200359530423e+01 3.417307844656241400e+01 3.417589154040781807e+01 3.416086049289322091e+01 3.417697691360210399e+01 3.417341365835854106e+01 3.417040505099838299e+01 3.416035661046272054e+01 3.416273174536433999e+01 3.416734613292674538e+01 3.416315001680329999e+01 3.415852472982194854e+01 3.416021473251763751e+01 3.416422008165788782e+01 3.417671106648867863e+01 3.417151038979294952e+01 3.417728042149645518e+01 3.417649168732690868e+01 3.416031463723827954e+01
3.415984253979675600e+01 3.417660961499682060e+01 3.416214724688240523e+01 3.416831589054371676e+01 3.417564406543539945e+01 3.417014062704133437e+01 3.417447920742886680e+01 3.416214433946299067e+01 3.416587616958529594e+01 3.416029910847329631e+01 3.416831200508271138e+01 3.416495452242566699e+01 3.417262967929596584e+01 3.417518878257263992e+01 3.416151412000363763e+01 3.417617614491715017e+01 3.417293461579129854e+01 3.417019765297755640e+01 3.416105568507260415e+01 3.416321663315338952e+01 3.416741468770187851e+01 3.416359712242267932e+01 3.415938889378595178e+01 3.416092658317783304e+01 3.416457069441738525e+01 3.417593431078738320e+01 3.417120313729286352e+01 3.417645224253543290e+01 3.417573477643669833e+01 3.416101750041686813e+01
3.416058790721584160e+01 3.417584207976147326e+01 3.416268483512913434e+01 3.416829687721925524e+01 3.417496360408533462e+01 3.416995695721136883e+01 3.417390392819242351e+01 3.416268217754523562e+01 3.416607732412514764e+01 3.416100337114768593e+01 3.416829336807873574e+01 3.416523881913894201e+01 3.417222136984360503e+01 3.417454943252309363e+01 3.416210878028990550e+01 3.417544763686064613e+01 3.417249876550616250e+01 3.417000892653967270e+01 3.416169169922247306e+01 3.416365775913070024e+01 3.416747701410232452e+01 3.416400385892274727e+01 3.416017513054029564e+01 3.416157422336250704e+01 3.416488963993636929e+01 3.417522764645095634e+01 3.417092357049037332e+01 3.417569880107369329e+01 3.417504616357336289e+01 3.416165696517336414e+01
3.416126604624186314e+01 3.417514380294608856e+01 3.416317391663373826e+01 3.416827954289999525e+01 3.417434453734885835e+01 3.416978982894043781e+01 3.417338054315303708e+01 3.416317148845109841e+01 3.416626030074531428e+01 3.416164410895385828e+01 3.416827637875389456e+01 3.416549744444823489e+01 3.417184987402202978e+01 3.417396776464565278e+01 3.416264978974466260e+01 3.417478486251539493e+01 3.417210221526227798e+01 3.416983719591129187e+01 3.416227033787165368e+01 3.416405907260300978e+01 3.416753368468869922e+01 3.416437387518256230e+01 3.416089045782516109e+01 3.416216344030390673e+01 3.416517978316848314e+01 3.417458474275876057e+01 3.417066919919304979e+01 3.417501334521193712e+01 3.417441968128815688e+01 3.416223874414053086e+01
3.416188301497493995e+01 3.417450852956683605e+01 3.416361886650535240e+01 3.416826374422356594e+01 3.417378132195356955e+01 3.416963775584834195e+01 3.417290436964084677e+01 3.416361664838869672e+01 3.416642674577703787e+01 3.416222704642100183e+01 3.416826089525626742e+01 3.416573271897049580e+01 3.417151187432420301e+01 3.417343857191086443e+01 3.416314198681816805e+01 3.417418188570263027e+01 3.417174142304723716e+01 3.416968093370112314e+01 3.416279677359153766e+01 3.416442416766025758e+01 3.416758521640267787e+01 3.416471048891649076e+01 3.416154126366951260e+01 3.416269950119743015e+01 3.416544372771866733e+01 3.417399984235544963e+01 3.417043775517092286e+01 3.417438973520243195e+01 3.417384971959497619e+01 3.416276803817373775e+01
3.416244432660366215e+01 3.417393057076988327e+01 3.416402366612175001e+01 3.416824934817341131e+01 3.417326891600747985e+01 3.416949938340644621e+01 3.417247114755809889e+01 3.416402164042133904e+01 3.416657815471914006e+01 3.416275739450389892e+01 3.416824678711331842e+01 3.416594675180999729e+01 3.417120435175063164e+01 3.417295711758347920e+01 3.416358977404163255e+01 3.417363330781459041e+01 3.417141316516468663e+01 3.416953874910377209e+01 3.416327571313257749e+01 3.416475631297944915e+01 3.416763207782232570e+01 3.416501671699174381e+01 3.416213336271928824e+01 3.416318719825714822e+01 3.416568384150806992e+01 3.417346770897356834e+01 3.417022717337340509e+01 3.417382238684849938e+01 3.417333117626148464e+01 3.416324957911082549e+01
3.416295499866745899e+01 3.417340475237826070e+01 3.416439193754472115e+01 3.416823623205822713e+01 3.417280273356579556e+01 3.416937347844284290e+01 3.417207700130326486e+01 3.416439008752661266e+01 3.416671588745018084e+01 3.416323989443636577e+01 3.416823393371719675e+01 3.416614146139446007e+01 3.417092455868170475e+01 3.417251909322927617e+01 3.416399715665703951e+01 3.417313421825126341e+01 3.417111450817984064e+01 3.416940937499516906e+01 3.416371143992601844e+01 3.416505848196295148e+01 3.416767469389441203e+01 3.416529530318867813e+01 3.416267204668542945e+01 3.416363089300782718e+01 3.416590227702755556e+01 3.417298357951199250e+01 3.417003557431298333e+01 3.417330622120892514e+01 3.417285941026988638e+01 3.416368767304386012e+01
3.416341959707292375e+01 3.417292636805760253e+01 3.416472697599063935e+01 3.416822428328745076e+01 3.417237860287376350e+01 3.416925891816170946e+01 3.417171840526425086e+01 3.416472528642998441e+01 3.416684117984609514e+01 3.416367886093750883e+01 3.416822222447405011e+01 3.416631859243538116e+01 3.417066999486282697e+01 3.417212057952016835e+01 3.416436777934858782e+01 3.417268015034949258e+01 3.417084278279968146e+01 3.416929165797037626e+01 3.416410785097937008e+01 3.416533337974720297e+01 3.416771345000486804e+01 3.416554874297757038e+01 3.416316213129839241e+01 3.416403455358431529e+01 3.416610099211339246e+01 3.417254312152088147e+01 3.416986124707199224e+01 3.417283661845755205e+01 3.417243019987527219e+01 3.416408623822670165e+01
3.416384227652768857e+01 3.417249113672666994e+01 3.416503177962543703e+01 3.416821339845804317e+01 3.417199272911601327e+01 3.416915468045124271e+01 3.417139215187656021e+01 3.416503023641239167e+01 3.416695515585185916e+01 3.416407821997098893e+01 3.416821155798689347e+01 3.416647973174099917e+01 3.417043838520758214e+01 3.417175801107210020e+01 3.416470495785745953e+01 3.417226704099557821e+01 3.417059556017853339e+01 3.416918454790899773e+01 3.416446849240953298e+01 3.416558346698341353e+01 3.416774869622118160e+01 3.416577930621346582e+01 3.416360799873375242e+01 3.416440179074859884e+01 3.416628176726382549e+01 3.417214239382298757e+01 3.416970263475572267e+01 3.417240937621988195e+01 3.417203970477443420e+01 3.416444883967906776e+01
3.416422681751101464e+01 3.417209516407068293e+01 3.416530907599685207e+01 3.416820348301853727e+01 3.417164166009663973e+01 3.416905983506909905e+01 3.417109532312457532e+01 3.416530766619997905e+01 3.416705883749470019e+01 3.416444154369730057e+01 3.416820184144547312e+01 3.416662632278729461e+01 3.417022765956308206e+01 3.417142814444520127e+01 3.416501170908588847e+01 3.417189119403213482e+01 3.417037063037938793e+01 3.416908708899188696e+01 3.416479659054436269e+01 3.416581098236447644e+01 3.416778075040948437e+01 3.416598905760897509e+01 3.416401363647552358e+01 3.416473588977947173e+01 3.416644622193470582e+01 3.417177781120707891e+01 3.416955832048217445e+01 3.417202067174267910e+01 3.417168443138508849e+01 3.416477872124578141e+01
3.416457665978121838e+01 3.417173490744490749e+01 3.416556134668994815e+01 3.416819445049758741e+01 3.417132225530863110e+01 3.416897353535626536e+01 3.417082526427261513e+01 3.416556005848131150e+01 3.416715315426302624e+01 3.416477208238823948e+01 3.416819299008370336e+01 3.416675967853321794e+01 3.417003593436155739e+01 3.417112802895537982e+01 3.416529077782469415e+01 3.417154924707878649e+01 3.417016598264216043e+01 3.416899841133581361e+01 3.416509508085269431e+01 3.416601796244480482e+01 3.416780990143889341e+01 3.416617987534571910e+01 3.416438267275960783e+01 3.416503983973174741e+01 3.416659582923529825e+01 3.417144611217124606e+01 3.416942701495934642e+01 3.417166702746665408e+01 3.417136120157532986e+01 3.416507883424162628e+01
3.416489493306837488e+01 3.417140714406955482e+01 3.416579084938884847e+01 3.416818622194329436e+01 3.417103165773817608e+01 3.416889501086182435e+01 3.417057956013394460e+01 3.416578967192617711e+01 3.416723895159649516e+01 3.416507279323712964e+01 3.416818492648189221e+01 3.416688099338602314e+01 3.416986149580255017e+01 3.417085498026884238e+01 3.416554466129183254e+01 3.417123814128864012e+01 3.416997978749975573e+01 3.416891772327038268e+01 3.416536663413483410e+01 3.416620626000080563e+01 3.416783641185312348e+01 3.416635346798848616e+01 3.416471840881141020e+01 3.416531636020470586e+01 3.416673192912117685e+01 3.417114432962461734e+01 3.416930754503915324e+01 3.417134527981674808e+01 3.417106712408921965e+01 3.416535186391575252e+01
3.416518448493416571e+01 3.417110894209259442e+01 3.416599963810811147e+01 3.416817872532961076e+01 3.417076726822402577e+01 3.416882356048602531e+01 3.417035601345055795e+01 3.416599856150578773e+01 3.416731699846783243e+01 3.416534636683928738e+01 3.416817758003581673e+01 3.416699135387926844e+01 3.416970278460331656e+01 3.417060655630150734e+01 3.416577563149865426e+01 3.417095509393127628e+01 3.416981038044185937e+01 3.416884430441090359e+01 3.416561368029979207e+01 3.416637756062028330e+01 3.416786052031747545e+01 3.416651138982854263e+01 3.416502384827786187e+01 3.416556792550807842e+01 3.416685574054748997e+01 3.417086976430334033e+01 3.416919884326404144e+01 3.417105255078848813e+01 3.417079956862566803e+01 3.416560025336288220e+01
