3.900000000000000000e+01 4.000000000000000000e+01 3.200000000000000000e+01 3.000000000000000000e+01 4.000000000000000000e+01 4.200000000000000000e+01 3.500000000000000000e+01 2.900000000000000000e+01 3.100000000000000000e+01 2.800000000000000000e+01 3.800000000000000000e+01 3.600000000000000000e+01 4.000000000000000000e+01 3.100000000000000000e+01 3.700000000000000000e+01 4.000000000000000000e+01 4.000000000000000000e+01 3.900000000000000000e+01 2.500000000000000000e+01 3.000000000000000000e+01 4.000000000000000000e+01 3.000000000000000000e+01 2.200000000000000000e+01 3.000000000000000000e+01 3.800000000000000000e+01 2.800000000000000000e+01 3.100000000000000000e+01 3.500000000000000000e+01 3.900000000000000000e+01 3.500000000000000000e+01
3.538466314865218010e+01 3.399396196039742790e+01 3.252276908926432952e+01 3.489662740076892078e+01 3.301562153166742064e+01 3.528370357163657900e+01 3.416940789484215202e+01 3.415273477358277887e+01 3.323886687250342220e+01 3.249136452487437055e+01 3.418427076097577810e+01 3.518458752677543089e+01 3.559857208587345667e+01 3.423545746924355626e+01 3.428723174880724400e+01 3.304217143674031831e+01 3.608219536487013102e+01 3.263197481445968151e+01 3.238915643599466421e+01 3.201561655232217163e+01 3.470234021275973646e+01 3.203607103438116610e+01 3.321048358432017267e+01 3.377729512908263132e+01 3.423868283891351894e+01 3.580370118335122243e+01 3.414270873683562968e+01 3.503509201911947457e+01 3.245609263528604060e+01 3.381820278824307024e+01
3.419704093174360082e+01 3.416700335644603115e+01 3.322186378527572970e+01 3.399366412512569724e+01 3.334981536614012043e+01 3.484959738320158351e+01 3.358066190381794058e+01 3.358257740637391464e+01 3.400349531292407335e+01 3.371549191449896909e+01 3.425177094217399087e+01 3.458455078313320286e+01 3.382790706707248773e+01 3.409648102389324009e+01 3.353246366431888248e+01 3.379214156464112762e+01 3.426093351053701497e+01 3.328656592253153690e+01 3.357189412992943289e+01 3.351222279980210317e+01 3.425094291211279796e+01 3.334926543616180794e+01 3.383717268946667645e+01 3.439127572714067327e+01 3.343451833757711711e+01 3.467163189108676136e+01 3.452815919712667636e+01 3.392711266086183031e+01 3.305699065056948172e+01 3.366096969266966710e+01
3.417544920792684593e+01 3.427346212939594494e+01 3.359629520905190248e+01 3.373192213270547057e+01 3.370929246047495553e+01 3.431076492581154014e+01 3.368351663741346158e+01 3.370008914948904533e+01 3.376941705006280614e+01 3.392060051486354411e+01 3.395098264752111561e+01 3.433473516245753387e+01 3.361217994476884741e+01 3.373546694528367595e+01 3.373762438353691095e+01 3.378630546566634507e+01 3.392260621634122231e+01 3.371678994908071303e+01 3.386275388763313998e+01 3.380788717788046682e+01 3.425913084175151369e+01 3.384050522282320372e+01 3.382394418621367294e+01 3.432770368747370071e+01 3.370777982444112553e+01 3.417312070154608250e+01 3.429814338997984891e+01 3.366242006505933659e+01 3.357405119328231535e+01 3.396558112194236401e+01
3.417353244339559382e+01 3.417715846687111281e+01 3.374650902697517552e+01 3.378997252858354017e+01 3.377108261024469726e+01 3.412315458824556913e+01 3.372702384061113179e+01 3.373567036715152057e+01 3.372074345303717280e+01 3.392341820507647299e+01 3.387130960001542945e+01 3.420954678120756398e+01 3.372934902425903658e+01 3.371525417819875514e+01 3.390614480245134388e+01 3.373454282852534192e+01 3.396893578576884209e+01 3.387139049793047718e+01 3.395303195498006232e+01 3.380227994445277773e+01 3.418520223184738427e+01 3.392443461615272327e+01 3.379515157174147788e+01 3.415281465858248566e+01 3.376914109868523184e+01 3.409063113255475486e+01 3.409897874058721357e+01 3.371743702750472949e+01 3.378937343260201231e+01 3.404825868729380289e+01
3.410884023590443093e+01 3.408293021487977370e+01 3.380923631411972252e+01 3.386025118393986588e+01 3.378658783204637928e+01 3.406967385684426830e+01 3.374635252108411976e+01 3.375333404569579443e+01 3.374633869624125282e+01 3.392819509300359471e+01 3.389787941233474555e+01 3.412644936148164021e+01 3.378897677795349352e+01 3.375854401332535559e+01 3.393849526265994854e+01 3.374540930105043657e+01 3.399555217010008334e+01 3.389763008917778819e+01 3.397112212448978852e+01 3.381180311564732932e+01 3.410105418500291563e+01 3.391464050563792654e+01 3.382713726056027070e+01 3.406026557982246317e+01 3.377900757851500657e+01 3.406521478091152488e+01 3.402906185069909384e+01 3.375758689274279334e+01 3.385031165652856799e+01 3.401426704942812762e+01
3.404976311832569991e+01 3.403063159726227838e+01 3.384169927784868293e+01 3.388562428257298365e+01 3.380718937669938384e+01 3.403583474575437151e+01 3.376984373456792099e+01 3.377586009046643767e+01 3.377639276427835568e+01 3.393478596290387372e+01 3.391667804324566760e+01 3.406792363828693482e+01 3.381292122517873366e+01 3.379050409121011000e+01 3.393098394340018586e+01 3.377196937122992892e+01 3.398124330626126977e+01 3.390137078403924420e+01 3.396576064015131635e+01 3.383589712537722249e+01 3.404489135516276832e+01 3.391090931819796594e+01 3.385689503348931595e+01 3.401996787566339719e+01 3.379486365128759928e+01 3.403131328711310744e+01 3.400352903460276366e+01 3.378264818844177597e+01 3.387064942584378713e+01 3.397914376360198929e+01
3.401171922083831589e+01 3.400039244334628563e+01 3.386061378614655837e+01 3.389214400175946196e+01 3.382764620591100169e+01 3.400530444461630708e+01 3.379430061479433078e+01 3.379923715070113133e+01 3.380102355815641602e+01 3.393408642046480139e+01 3.391883216481136287e+01 3.402702281798487860e+01 3.382944579104109550e+01 3.381291001966290111e+01 3.392370381064026930e+01 3.379707054050464166e+01 3.396199600390283280e+01 3.390392554505395140e+01 3.395563670019907221e+01 3.385459220625801890e+01 3.400992028345659435e+01 3.391204032976548177e+01 3.387236993907843186e+01 3.399467567418710701e+01 3.381447668263390227e+01 3.400000303672935331e+01 3.398358393003845634e+01 3.380411399976794939e+01 3.388202373679032320e+01 3.395957970455175712e+01
3.398645318398224191e+01 3.397858504601249052e+01 3.387214785448350796e+01 3.389477898279749013e+01 3.384396412351822647e+01 3.398108822980896804e+01 3.381585020787107965e+01 3.381980719148000247e+01 3.382112938184080519e+01 3.392931228250269982e+01 3.391598047653403114e+01 3.399778668132915271e+01 3.384398332923746011e+01 3.383072883631719208e+01 3.391945889466790476e+01 3.381802167772502088e+01 3.394803104850637254e+01 3.390526350085089291e+01 3.394564972365083833e+01 3.386641210272043168e+01 3.398541422320169403e+01 3.391185725641013704e+01 3.388026827295694687e+01 3.397431345910423062e+01 3.383223500496647773e+01 3.397685659740270836e+01 3.396569118320307012e+01 3.382325385363521519e+01 3.388897224060185920e+01 3.394714675913449753e+01
3.396767411357840416e+01 3.396151401441068174e+01 3.387956838888596423e+01 3.389661975268335681e+01 3.385637697954658165e+01 3.396304771274154888e+01 3.383354816753065819e+01 3.383668879517942685e+01 3.383761345775032225e+01 3.392399455640015304e+01 3.391304241951777243e+01 3.397608045427266177e+01 3.385612334358484787e+01 3.384535273254050480e+01 3.391609321937883692e+01 3.383512573947676572e+01 3.393795957805492236e+01 3.390527515489967669e+01 3.393685495920271933e+01 3.387435363270148514e+01 3.396676021204937257e+01 3.391032794846987031e+01 3.388525554384960259e+01 3.395807876251486590e+01 3.384666250595288517e+01 3.395998021315401161e+01 3.395134008085349819e+01 3.383935459436947468e+01 3.389292096768659945e+01 3.393742732831679376e+01
3.395308347639965518e+01 3.394820955970327958e+01 3.388466923039879930e+01 3.389787127572553516e+01 3.386595424495200746e+01 3.394941953435937876e+01 3.384773896590718323e+01 3.385021964149001406e+01 3.385093922665623722e+01 3.391935485604076916e+01 3.391065388601742114e+01 3.395952600580979208e+01 3.386574674073586522e+01 3.385713559973015663e+01 3.391308062113380117e+01 3.384893281010580779e+01 3.393010749689165095e+01 3.390468575742962543e+01 3.392947685665615865e+01 3.388022772326199572e+01 3.395230979112901082e+01 3.390854849197008036e+01 3.388887638073353514e+01 3.394552200694043620e+01 3.385811828516629163e+01 3.394712582306065229e+01 3.394030851515872627e+01 3.385234776217972552e+01 3.389519473631790447e+01 3.392956982391899601e+01
3.394171246222605021e+01 3.393789822583764959e+01 3.388836974544504699e+01 3.389866504264061575e+01 3.387344906726011118e+01 3.393888221794146887e+01 3.385902131506323798e+01 3.386097565524769948e+01 3.386155652765671675e+01 3.391553710533358412e+01 3.390867848379131999e+01 3.394673205907255920e+01 3.387327802541680200e+01 3.386647401458598949e+01 3.391052748427072316e+01 3.385995399156333008e+01 3.392385102731229551e+01 3.390399277208608453e+01 3.392347038548241756e+01 3.388474644905066668e+01 3.394110111988078415e+01 3.390698777665649999e+01 3.389158905759961726e+01 3.393581934438728354e+01 3.386719867187751731e+01 3.393710675756995698e+01 3.393177621694074020e+01 3.386266347804624388e+01 3.389663366911139519e+01 3.392335585012985177e+01
3.393285482559153365e+01 3.392987676639975803e+01 3.389114533323504475e+01 3.389918797613461976e+01 3.387933419496560106e+01 3.393065406301315079e+01 3.386794823014552236e+01 3.386948555849792086e+01 3.386994910943945314e+01 3.391244944932677896e+01 3.390704711678813510e+01 3.393678055534980587e+01 3.387918490075863787e+01 3.387382993153003241e+01 3.390846678108602674e+01 3.386868119732566385e+01 3.391890154137134772e+01 3.390336862375878013e+01 3.391866460052222720e+01 3.388824814211994862e+01 3.393237922032312071e+01 3.390570994102147040e+01 3.389363899505168121e+01 3.392826079653854521e+01 3.387438108017398974e+01 3.392926519183831147e+01 3.392510682490149776e+01 3.387081350253647116e+01 3.389763054884215876e+01 3.391849311572890713e+01
3.392593804007768910e+01 3.392360738112309804e+01 3.389326692245814598e+01 3.389955970675178065e+01 3.388395299669151939e+01 3.392421439483958068e+01 3.387498758792023068e+01 3.387619577208454302e+01 3.387656129817823825e+01 3.390997980054463312e+01 3.390572795388586513e+01 3.392901095856455385e+01 3.388382674695871088e+01 3.387961614829144708e+01 3.390683299766742920e+01 3.387556263063624584e+01 3.391501058902416332e+01 3.390284553586973004e+01 3.391485366234735466e+01 3.389096957477745065e+01 3.392556611669056110e+01 3.390468004092863197e+01 3.389520766165354360e+01 3.392234401920585896e+01 3.388004418146267227e+01 3.392312710189720804e+01 3.391987502338927385e+01 3.387723826946579919e+01 3.389835791011631727e+01 3.391468620275631451e+01
3.392052303567978555e+01 3.391869558355924141e+01 3.389490668296097908e+01 3.389983731503789244e+01 3.388757673877848475e+01 3.391917034269786058e+01 3.388052691550980455e+01 3.388147592757795934e+01 3.388176306186830544e+01 3.390802075086812550e+01 3.390467804566429066e+01 3.392293068483463969e+01 3.388747406021382602e+01 3.388416497649756565e+01 3.390554309681034084e+01 3.388097778077541022e+01 3.391195621877314181e+01 3.390241890209326669e+01 3.391184522481455588e+01 3.389309246802162079e+01 3.392023099701216182e+01 3.390385710565210786e+01 3.389642192826926248e+01 3.391770546487085625e+01 3.388449943405090892e+01 3.391831892952297522e+01 3.391577005569430980e+01 3.388229445399564099e+01 3.389890357082683892e+01 3.391169999195570739e+01
3.391627783574491417e+01 3.391484393163799638e+01 3.389618249039614284e+01 3.390004919318492682e+01 3.389042025470288877e+01 3.391521625732074341e+01 3.388488097370388630e+01 3.388562619576135404e+01 3.388585164616070244e+01 3.390647442542481826e+01 3.390384845580957318e+01 3.391816587538549754e+01 3.389033835514414505e+01 3.388773900011831586e+01 3.390452641160360514e+01 3.388523466622694258e+01 3.390955814872121721e+01 3.390207640204178574e+01 3.390947606842395601e+01 3.389475335981387616e+01 3.391604837536901584e+01 3.390320441612966818e+01 3.389736825709615431e+01 3.391406741655906387e+01 3.388800067106332392e+01 3.391454898813908159e+01 3.391254944802388849e+01 3.388626898234018370e+01 3.389932022089024599e+01 3.390935590318989057e+01
3.391294773660295903e+01 3.391182239269552667e+01 3.389717899330657502e+01 3.390021264226787423e+01 3.389265199539800477e+01 3.391211465404450820e+01 3.388830138860726748e+01 3.388888648944740822e+01 3.388906346467314279e+01 3.390525697495831281e+01 3.390319483176115511e+01 3.391442908710091331e+01 3.389258711412558256e+01 3.389054593100436108e+01 3.390372632088839566e+01 3.388857900427896652e+01 3.390767517503672934e+01 3.390180419490988584e+01 3.390761294034037121e+01 3.389605490233832796e+01 3.391276749365455601e+01 3.390268927944841693e+01 3.389810819444661405e+01 3.391121321829859880e+01 3.389075084207204469e+01 3.391159133261882630e+01 3.391002225977164386e+01 3.388939123385345198e+01 3.389964210075007145e+01 3.390751583624025045e+01
3.391033473272056398e+01 3.390945144178503057e+01 3.389795905155812505e+01 3.390033961112362704e+01 3.389440375658193716e+01 3.390968087112180029e+01 3.389098750594817488e+01 3.389144684791014583e+01 3.389158570483231614e+01 3.390429969157872847e+01 3.390268059693119795e+01 3.391149730443327570e+01 3.389435248675475520e+01 3.389274989686499140e+01 3.390309740905689040e+01 3.389120547152236895e+01 3.390619679132039721e+01 3.390158908915294944e+01 3.390614892533251634e+01 3.389707563078714969e+01 3.391019315489931074e+01 3.390228374618379092e+01 3.389868771213980381e+01 3.390897343224082050e+01 3.389291050019228635e+01 3.390927030232257522e+01 3.390803882688827287e+01 3.389184315972367756e+01 3.389989252874596559e+01 3.390607149117433039e+01
3.390828405399503964e+01 3.390759067497460677e+01 3.389857042647613383e+01 3.390043869259889675e+01 3.389577881296176542e+01 3.390777078105759301e+01 3.389309657900924577e+01 3.389345717251685386e+01 3.389356606682859052e+01 3.390354751446595571e+01 3.390227640223535133e+01 3.390919657500680273e+01 3.389573835165050752e+01 3.389448022510020309e+01 3.390260337027026338e+01 3.389326773941856175e+01 3.390503617589087781e+01 3.390141961659057301e+01 3.390499904079586457e+01 3.389787644955304557e+01 3.390817282443688185e+01 3.390196489837862259e+01 3.389914202421876155e+01 3.390721552542606076e+01 3.389460616903510015e+01 3.390744863327379477e+01 3.390648199504025229e+01 3.389376833796036692e+01 3.390008813607689575e+01 3.390493775363036377e+01
3.390667451305962743e+01 3.390613016399193214e+01 3.389904992328379052e+01 3.390051621749693567e+01 3.389685818753180513e+01 3.390627156168078216e+01 3.389475239678808549e+01 3.389503546097296294e+01 3.389512081840268820e+01 3.390295674267525783e+01 3.390195888417635217e+01 3.390739083031041190e+01 3.389682627369087697e+01 3.389583862069310527e+01 3.390221540302073322e+01 3.389488682337265146e+01 3.390412506872418419e+01 3.390128630813995159e+01 3.390409610783671468e+01 3.389850488250126403e+01 3.390658710202509241e+01 3.390171437526422693e+01 3.389949838653631531e+01 3.390583571335505297e+01 3.389593740648663811e+01 3.390601878722175400e+01 3.390525995709428742e+01 3.389527977886028509e+01 3.390024125438691982e+01 3.390404780372704607e+01
