3.900000000000000000e+01 4.000000000000000000e+01 3.200000000000000000e+01 3.000000000000000000e+01 4.000000000000000000e+01 4.200000000000000000e+01 3.500000000000000000e+01 2.900000000000000000e+01 3.100000000000000000e+01 2.800000000000000000e+01 3.800000000000000000e+01 3.600000000000000000e+01 4.000000000000000000e+01 3.100000000000000000e+01 3.700000000000000000e+01 4.000000000000000000e+01 4.000000000000000000e+01 3.900000000000000000e+01 2.500000000000000000e+01 3.000000000000000000e+01 4.000000000000000000e+01 3.000000000000000000e+01 2.200000000000000000e+01 3.000000000000000000e+01 3.800000000000000000e+01 2.800000000000000000e+01 3.100000000000000000e+01 3.500000000000000000e+01 3.900000000000000000e+01 3.500000000000000000e+01
3.295207243876939174e+01 3.590757941586343804e+01 3.206766652160877129e+01 3.430119745698175393e+01 3.083771976511343382e+01 3.834615379183560435e+01 3.386017415257811081e+01 3.245526417014298204e+01 3.422771497426219867e+01 3.275770294202084187e+01 3.684289123344933614e+01 3.543468553795537446e+01 3.659796280539740110e+01 3.538074474806853686e+01 3.002620328458942822e+01 3.363703162376805267e+01 3.380388628814398544e+01 2.950138303812127560e+01 3.075359351211227477e+01 3.406021059624254121e+01 3.397857207042761729e+01 3.244815365600516088e+01 3.601586708159811678e+01 3.399997115906444378e+01 3.057080045883049024e+01 3.720092192404263187e+01 3.513284166493758676e+01 3.776276529052483966e+01 3.003594119439367205e+01 3.253109875179507071e+01
3.453926550170631771e+01 3.669062122622740674e+01 3.283125942040999234e+01 3.176284384096054225e+01 3.510657049913059780e+01 3.364751893560497109e+01 3.371120087296569778e+01 3.432738992327878691e+01 3.428423893614289852e+01 3.307362607893943363e+01 3.140373020480646815e+01 3.483248145028944975e+01 3.223691589659681256e+01 3.231101273106104799e+01 3.380434101673591130e+01 3.545784193635448389e+01 3.378846453263901140e+01 3.449700413639967422e+01 3.246833810927540753e+01 3.452473061210973526e+01 3.546103877509423796e+01 3.557724340034208410e+01 3.275376215685778902e+01 3.564721525050739359e+01 3.484302698826939348e+01 3.392594608430172798e+01 3.421622789080102223e+01 3.195701519287976566e+01 3.296960418048913510e+01 3.580250911669387648e+01
3.523229079818018050e+01 3.363549316037597947e+01 3.297144464881348824e+01 3.499357572448688813e+01 3.274560046749259357e+01 3.478945119679386977e+01 3.431019711536076500e+01 3.385266773317839295e+01 3.341609314538857234e+01 3.287632997266985058e+01 3.425382757844892723e+01 3.456084463380981475e+01 3.506319259032787983e+01 3.430377999251204812e+01 3.443997871939781419e+01 3.273018858108995488e+01 3.572243559713884054e+01 3.327956143689770840e+01 3.351650425571220637e+01 3.238454351663467179e+01 3.420644175923865049e+01 3.249791207273393923e+01 3.324359460370644825e+01 3.364760739410470336e+01 3.351453484872106969e+01 3.576720713821881503e+01 3.380615550808157366e+01 3.497259837155399964e+01 3.358098136532129274e+01 3.369548146559119317e+01
3.379513035084690387e+01 3.475759453378871910e+01 3.345265650184508388e+01 3.306014398089158846e+01 3.395944768648997325e+01 3.461017355264237239e+01 3.342646450262991920e+01 3.359594007949128525e+01 3.425364659731542361e+01 3.421804113445035966e+01 3.386430549138609081e+01 3.447327813049315637e+01 3.279952490428615164e+01 3.364286211583468145e+01 3.310117041023808326e+01 3.447113338546898831e+01 3.326923573657650479e+01 3.343249600609308203e+01 3.353474078819526483e+01 3.446038003112001746e+01 3.425373089157878326e+01 3.411172802032075424e+01 3.419665803793371595e+01 3.508876030380568523e+01 3.361123211457209692e+01 3.379141390021901259e+01 3.508259092721954886e+01 3.313238192473279753e+01 3.290072519371984328e+01 3.394003187772129593e+01
3.480404634462049529e+01 3.430328701607517417e+01 3.353400626014283148e+01 3.392041714245081607e+01 3.375101764616709943e+01 3.393553495935381648e+01 3.400288548288882851e+01 3.396569242359617391e+01 3.338834098581130405e+01 3.350970381637979756e+01 3.349131478018531283e+01 3.435245306904401730e+01 3.412683330225297595e+01 3.361486620324323127e+01 3.448181984604756423e+01 3.340016979660140350e+01 3.443341174608607247e+01 3.415746210645934866e+01 3.395724057760195791e+01 3.328108370822030793e+01 3.459567211707323509e+01 3.388964986133636614e+01 3.325313069533724786e+01 3.387731875548925586e+01 3.404295600460125115e+01 3.434610918523090106e+01 3.362310755644057991e+01 3.397695150237738204e+01 3.399664630661851561e+01 3.455375431926103147e+01
3.399670298933124002e+01 3.401069308368546729e+01 3.367471978898073104e+01 3.398912653738493361e+01 3.358808546419933094e+01 3.450082945282645142e+01 3.359669042777990455e+01 3.356782636563172417e+01 3.395574427772670134e+01 3.399050641581315801e+01 3.422393586721394598e+01 3.428046740037981266e+01 3.364699801041167149e+01 3.392489032257893911e+01 3.362276250859450499e+01 3.386327869381260314e+01 3.409166888628702452e+01 3.353046362198453778e+01 3.389906924041329006e+01 3.387470021130963715e+01 3.395479226452109600e+01 3.364126293394888734e+01 3.404930228595401331e+01 3.424542514703157536e+01 3.348257230481203806e+01 3.436232860800498656e+01 3.436966864029886182e+01 3.373963713190992308e+01 3.352571700600836380e+01 3.367566913401360296e+01
3.419321937603825745e+01 3.434646390020980533e+01 3.376037952543622822e+01 3.365743618625540279e+01 3.392129260201087959e+01 3.398364757122123336e+01 3.379294452316491970e+01 3.384534075296415523e+01 3.365173471261085325e+01 3.394350489090621181e+01 3.368383885111698106e+01 3.420262681697690255e+01 3.370093648484829174e+01 3.360340248520888906e+01 3.400389116481827045e+01 3.375700382489485207e+01 3.388302870226034713e+01 3.402706369455818702e+01 3.395032573876593318e+01 3.384975028907063432e+01 3.430123834665364768e+01 3.410756062760045637e+01 3.371927010945731951e+01 3.422015391780045235e+01 3.393322484087030233e+01 3.391306587853721055e+01 3.406914610908043528e+01 3.365611304555775263e+01 3.383800183501343639e+01 3.425913909182484218e+01
3.419359668744627356e+01 3.396880133573668559e+01 3.378406145772081004e+01 3.404638387316394699e+01 3.368063431014532938e+01 3.415503240221245562e+01 3.374699444638616797e+01 3.371407428255529481e+01 3.377079754999196837e+01 3.387134365315193207e+01 3.401048361165410938e+01 3.415090684178631619e+01 3.388794717427291658e+01 3.385859935041562352e+01 3.399022996383862250e+01 3.369496636077061424e+01 3.420436238615310742e+01 3.383745031933492697e+01 3.399827305194374816e+01 3.371735995386360685e+01 3.406914563636482995e+01 3.376638359801710010e+01 3.383833541062861627e+01 3.396074167138593225e+01 3.369080804077329816e+01 3.426103818055582195e+01 3.397663686350528423e+01 3.385619238490806282e+01 3.386186252907718597e+01 3.394467536250080286e+01
3.399475461103392604e+01 3.412995673235778327e+01 3.383655007234466439e+01 3.380315167762272210e+01 3.385458005761170597e+01 3.409466524823115208e+01 3.374311823761035356e+01 3.377326432768306574e+01 3.378836757980908345e+01 3.401098793902421136e+01 3.392064504612491760e+01 3.411306013618979449e+01 3.370713900298814281e+01 3.374533498359217987e+01 3.385466168999843006e+01 3.382737859133716540e+01 3.389734739332682523e+01 3.388381998543484741e+01 3.395437212833233076e+01 3.392917293242269494e+01 3.406483389665130090e+01 3.397322973326905071e+01 3.390995882825259145e+01 3.416372484207543891e+01 3.380465617836483716e+01 3.398071628671203825e+01 3.414050263709346922e+01 3.369876543741324326e+01 3.380567266228892009e+01 3.398763993073728074e+01
3.412643418630756287e+01 3.404278965562890846e+01 3.384422822964632616e+01 3.392750385839941885e+01 3.380616991105129188e+01 3.400613714631051465e+01 3.379792641670104558e+01 3.379501169269386196e+01 3.375405296659520360e+01 3.390791889466479603e+01 3.389604884327467715e+01 3.407722247633247292e+01 3.386552435096679403e+01 3.380050728949372996e+01 3.401127248733276076e+01 3.373994465248428298e+01 3.405334011818992224e+01 3.394418220550294762e+01 3.398822666756353783e+01 3.379765400760436478e+01 3.409138992502561649e+01 3.391475525562328386e+01 3.382344962819409062e+01 3.398476202835946935e+01 3.381339659915239793e+01 3.406016623693597722e+01 3.394607135828915290e+01 3.382181783190381452e+01 3.391917838451979605e+01 3.404075160864719862e+01
3.400266310255126712e+01 3.400632400209639883e+01 3.386356048215955639e+01 3.391155208005110211e+01 3.382233341877363131e+01 3.406736767326714244e+01 3.377534709587487072e+01 3.378252510820139065e+01 3.381810750910813113e+01 3.396480283357324481e+01 3.396864217154105603e+01 3.405429383955061695e+01 3.380379067824828354e+01 3.382135871663408722e+01 3.389720198017875674e+01 3.381467250332295293e+01 3.398391455562707364e+01 3.387632526816000933e+01 3.396508549043251435e+01 3.388327860226441857e+01 3.399988770488464951e+01 3.390080848180543427e+01 3.391509232539854679e+01 3.403549514714595148e+01 3.379096535629007292e+01 3.403835321196184793e+01 3.404186291037096623e+01 3.378723611196652854e+01 3.385956318766869089e+01 3.393308485517504636e+01
3.402639704039940227e+01 3.403509290230664419e+01 3.387334378331010498e+01 3.388620444502794271e+01 3.385463453915677690e+01 3.398878672723323291e+01 3.381223308087986368e+01 3.382087491037123073e+01 3.379710471419725337e+01 3.394503111984896293e+01 3.390207704054501647e+01 3.403206795472165425e+01 3.383599474345107438e+01 3.380877695830792362e+01 3.394989387209308518e+01 3.380332426869357221e+01 3.396357231497331952e+01 3.393422802975304364e+01 3.396475302537668028e+01 3.386980346450697965e+01 3.403643649621128020e+01 3.394564057594295292e+01 3.387199165133985446e+01 3.401261033958981272e+01 3.384232763218354734e+01 3.398050462156747642e+01 3.398448868273994350e+01 3.380835139249837340e+01 3.390183384051196214e+01 3.400125527183337226e+01
3.401020704164233166e+01 3.397893958612267085e+01 3.387862408522541813e+01 3.392654444293631144e+01 3.383910318858512056e+01 3.400679949403879476e+01 3.381483755349697873e+01 3.381669555165186836e+01 3.382540398128693937e+01 3.393641320241507486e+01 3.394207582018871960e+01 3.401509491110152084e+01 3.385355853100080026e+01 3.384294716962295269e+01 3.393577939251223086e+01 3.381715205274241498e+01 3.399102318041277471e+01 3.390557225019057341e+01 3.396190202891747845e+01 3.386745502092941251e+01 3.399355434672546039e+01 3.390426697721694893e+01 3.389412195740629841e+01 3.397770845016827224e+01 3.382491882077415823e+01 3.401462230045475366e+01 3.397412803624521871e+01 3.383115353935207992e+01 3.389789353013549800e+01 3.395094939580647520e+01
3.398070127218193903e+01 3.399397797143409861e+01 3.388622571696568997e+01 3.389756382019627523e+01 3.386453084128634572e+01 3.398676912165817043e+01 3.382745686348071956e+01 3.383455816945534167e+01 3.383292406272717301e+01 3.394690651703014339e+01 3.392406476903712331e+01 3.400098986045222915e+01 3.384490984764724431e+01 3.383790386260582750e+01 3.392258938035383409e+01 3.383632159380628934e+01 3.394822748379360888e+01 3.391468263382097348e+01 3.395143470537215080e+01 3.389059057221569304e+01 3.398881483104273826e+01 3.392948110331371936e+01 3.389875968161128128e+01 3.399406565281910275e+01 3.384800255911351030e+01 3.397008040881236468e+01 3.398349519822060216e+01 3.382701595527177574e+01 3.389548754789073826e+01 3.395706154661242238e+01
3.398888561050380730e+01 3.397325724653927637e+01 3.388888132137923748e+01 3.391425356524475632e+01 3.386290671568698940e+01 3.397178246157172765e+01 3.384043297270945061e+01 3.384339429328407078e+01 3.383969487785726216e+01 3.393139118515627928e+01 3.392285257031637968e+01 3.398833973567784028e+01 3.386729700491832062e+01 3.385264552539155147e+01 3.393694914614788871e+01 3.383685005103042442e+01 3.396417619664092769e+01 3.391798165089852546e+01 3.395079056454924427e+01 3.387894986062254077e+01 3.398238091090039603e+01 3.391815920705430187e+01 3.389233645489361635e+01 3.396437956968875937e+01 3.385329697050382691e+01 3.397661917665755027e+01 3.395483676276326435e+01 3.384796100083644887e+01 3.390735690594888041e+01 3.395529016068485362e+01
3.396629368355942091e+01 3.396503096317317016e+01 3.389291413368403738e+01 3.391003855942362577e+01 3.387068030126356177e+01 3.397203398867100788e+01 3.384604582022433306e+01 3.384997790192718981e+01 3.385292279756576761e+01 3.393607382628455582e+01 3.392788519946577708e+01 3.397832446186269806e+01 3.386473632940326439e+01 3.385970252245056855e+01 3.392137098694620079e+01 3.385220200196629747e+01 3.394873229070594078e+01 3.391066639236502311e+01 3.394362075003878942e+01 3.389190388046196745e+01 3.396576112657390922e+01 3.391764420326006046e+01 3.390347249077690606e+01 3.396673289785096728e+01 3.385827748821571248e+01 3.396537279902651107e+01 3.396231764004966891e+01 3.385041142012734383e+01 3.390092986809243314e+01 3.394010536791854094e+01
3.396480982743014465e+01 3.396204875762283137e+01 3.389545262096489608e+01 3.390849783392261685e+01 3.387745486467412803e+01 3.395702398576447933e+01 3.385657782236661006e+01 3.386000091393344036e+01 3.385689669305603644e+01 3.393039725039957943e+01 3.391908702003783560e+01 3.396921670963548934e+01 3.387367809797223828e+01 3.386429570800193289e+01 3.392696061327961132e+01 3.385674444177281828e+01 3.394434354089234063e+01 3.391679747968561998e+01 3.394044065161946122e+01 3.389138651584129036e+01 3.396464670597553948e+01 3.392080219946767272e+01 3.389910362285947798e+01 3.395719825282127857e+01 3.386855410555914148e+01 3.395482179766267450e+01 3.394945912040617486e+01 3.385958172234364127e+01 3.390673944277443752e+01 3.394478683174338585e+01
3.395671270508117345e+01 3.395087439024474918e+01 3.389750232120150741e+01 3.391257873522996391e+01 3.387947523537182803e+01 3.395503310865254321e+01 3.386232979262205589e+01 3.386481986156130120e+01 3.386559221213722282e+01 3.392793915036018149e+01 3.392283753299320637e+01 3.396161475290289644e+01 3.387871299424209326e+01 3.387247841212852961e+01 3.392286220203567382e+01 3.386419391185305017e+01 3.394321207907047722e+01 3.391264730490261314e+01 3.393686485827772970e+01 3.389371055662515886e+01 3.395407006906908975e+01 3.391541864828684538e+01 3.390313053220830852e+01 3.394955676754555185e+01 3.387112200043433319e+01 3.395391082639275737e+01 3.394550873221186293e+01 3.386679582493548679e+01 3.390609589095569731e+01 3.393526852732679089e+01
3.394940398281648442e+01 3.394880306070486853e+01 3.389957297986377682e+01 3.390922889033505783e+01 3.388537611327343058e+01 3.394789730727989507e+01 3.386880309006440370e+01 3.387153901920220989e+01 3.387084796298977096e+01 3.392705882321828881e+01 3.391918898487412548e+01 3.395501106210546993e+01 3.388137079382062211e+01 3.387584895144448893e+01 3.392074421035891163e+01 3.387076668016288750e+01 3.393541563395153560e+01 3.391380525959345960e+01 3.393313059350229821e+01 3.389760418244038931e+01 3.394971414765448259e+01 3.391784077681593601e+01 3.390397221147544116e+01 3.394724357387423197e+01 3.387778801170691878e+01 3.394454380375456282e+01 3.394253287257672014e+01 3.387109830646564035e+01 3.390656627853000771e+01 3.393409981232648676e+01
3.394632158171403802e+01 3.394241627153554930e+01 3.390095293128523934e+01 3.391138524113991082e+01 3.388768621838753603e+01 3.394289024590982251e+01 3.387439851127942347e+01 3.387640652867188606e+01 3.387580123355877504e+01 3.392374064074765272e+01 3.391853873127026020e+01 3.394922881684093596e+01 3.388670128292066153e+01 3.388110305763427732e+01 3.392108084261955270e+01 3.387503259546021184e+01 3.393486238377165876e+01 3.391357135366251896e+01 3.393078070994138074e+01 3.389773132971974690e+01 3.394483471943711805e+01 3.391561476313092527e+01 3.390415985103748397e+01 3.394028508112581477e+01 3.388156909571176101e+01 3.394222933542657472e+01 3.393636705744321347e+01 3.387736420365368417e+01 3.390809734821498012e+01 3.393116659736497098e+01
3.394023312557310135e+01 3.393860250238350318e+01 3.390237720658495846e+01 3.391065816626132801e+01 3.389098598167078080e+01 3.393957427136503213e+01 3.387876295082609346e+01 3.388069133374023068e+01 3.388073780598816853e+01 3.392300071077779933e+01 3.391811562613611386e+01 3.394429911671227273e+01 3.388883047704185714e+01 3.388479884159392697e+01 3.391835355324558776e+01 3.388033196834568628e+01 3.393051459270858317e+01 3.391261388000246058e+01 3.392794899707831746e+01 3.390052412217674771e+01 3.393973779666387713e+01 3.391528265025281996e+01 3.390597976465130614e+01 3.393777557480159857e+01 3.388520067745361786e+01 3.393757124748121612e+01 3.393469677886932345e+01 3.388099949321829740e+01 3.390766945844275426e+01 3.392765517864678060e+01
3.393725712800761585e+01 3.393536719857494433e+01 3.390348746263245516e+01 3.391065176561153294e+01 3.389366574328377624e+01 3.393506550712866243e+01 3.388316534553128179e+01 3.388482055475154198e+01 3.388424254307377481e+01 3.392106616211700043e+01 3.391647713416675458e+01 3.393995210460809631e+01 3.389211698016024599e+01 3.388800275007912433e+01 3.391829569546088408e+01 3.388389631527365253e+01 3.392825698186815941e+01 3.391308095377084442e+01 3.392590564030601286e+01 3.390141773341981235e+01 3.393671246234514172e+01 3.391506175409790558e+01 3.390596692856914984e+01 3.393386831717018026e+01 3.388887367092997494e+01 3.393391227631016704e+01 3.393076402852237550e+01 3.388509027590632172e+01 3.390865457994128462e+01 3.392645360584594982e+01
3.393361325284804764e+01 3.393172648078199671e+01 3.390445759914328505e+01 3.391105637456254840e+01 3.389566009112741796e+01 3.393246902377532592e+01 3.388659103991502519e+01 3.388798911115977575e+01 3.388790723006440686e+01 3.391983319389344587e+01 3.391633979164645751e+01 3.393620878517256756e+01 3.389450168548106745e+01 3.389119324541634626e+01 3.391700666303038503e+01 3.388748367697130703e+01 3.392627881653961452e+01 3.391237444084751473e+01 3.392397517833962439e+01 3.390270104110864935e+01 3.393292341276247726e+01 3.391408827309952301e+01 3.390695479488367425e+01 3.393083172819512328e+01 3.389139115114380729e+01 3.393143610428054302e+01 3.392845490115333718e+01 3.388844704265094521e+01 3.390875063019986868e+01 3.392380371547915274e+01
3.393060038907979248e+01 3.392942145202152915e+01 3.390532803502400583e+01 3.391068545884788676e+01 3.389784470665324534e+01 3.392946674015604458e+01 3.388977452998441464e+01 3.389105346469469282e+01 3.389078885234749805e+01 3.391880113800782937e+01 3.391534966002094365e+01 3.393294326968734254e+01 3.389648662282351665e+01 3.389355382569109310e+01 3.391622877878172204e+01 3.389054695079462221e+01 3.392391554865380243e+01 3.391239389879436317e+01 3.392226032602379604e+01 3.390391657334286890e+01 3.393028328344524169e+01 3.391404254700811549e+01 3.390739954438118531e+01 3.392853181625692116e+01 3.389410979576711469e+01 3.392834832977268178e+01 3.392629412525570132e+01 3.389121216276512172e+01 3.390905436761281777e+01 3.392244281654086535e+01
3.392825789032887940e+01 3.392683214372559064e+01 3.390604094938455404e+01 3.391096292576611404e+01 3.389940731915262973e+01 3.392709448447154585e+01 3.389251411315957085e+01 3.389358289168359306e+01 3.389338119757906753e+01 3.391765308196960405e+01 3.391487128074825819e+01 3.393009773671063556e+01 3.389851847456698408e+01 3.389589572207420076e+01 3.391569958600101842e+01 3.389308440515998200e+01 3.392255518569127304e+01 3.391218772969530448e+01 3.392085692131334440e+01 3.390464785184494900e+01 3.392776709211999986e+01 3.391345804264869201e+01 3.390780211055881210e+01 3.392600364270631275e+01 3.389620390505864833e+01 3.392637100103823400e+01 3.392410098950340114e+01 3.389388620594295531e+01 3.390938888868095802e+01 3.392091499646328145e+01
3.392584836727341013e+01 3.392484212765816665e+01 3.390668989715973680e+01 3.391085782197930598e+01 3.390094498481750662e+01 3.392508502434361617e+01 3.389485666417363063e+01 3.389581178081544266e+01 3.389568679715659272e+01 3.391689820918308129e+01 3.391440390909301783e+01 3.392762987424753618e+01 3.390000006265151455e+01 3.389780723464754431e+01 3.391492750049892635e+01 3.389546680005280876e+01 3.392088627569724935e+01 3.391197312916758477e+01 3.391954473938091041e+01 3.390559329212636186e+01 3.392553330743805162e+01 3.391319156031834581e+01 3.390830763530080816e+01 3.392422669184261252e+01 3.389810267522042864e+01 3.392427726816972466e+01 3.392259315413574683e+01 3.389600014459930577e+01 3.390950077899181281e+01 3.391955205647818161e+01
3.392403261767987033e+01 3.392307159930293636e+01 3.390723787937006506e+01 3.391088293119374697e+01 3.390223775712262722e+01 3.392317239845706922e+01 3.389696167094969326e+01 3.389778756034667850e+01 3.389761129812490736e+01 3.391607711603761288e+01 3.391388461360232043e+01 3.392547371269781564e+01 3.390147328225066303e+01 3.389949075327173489e+01 3.391452656298680068e+01 3.389741450532917355e+01 3.391965926746589588e+01 3.391191535744965790e+01 3.391845676883018967e+01 3.390621984893711272e+01 3.392372832307096076e+01 3.391292539822421759e+01 3.390857029312894610e+01 3.392244394775310212e+01 3.389979393590186874e+01 3.392255488044210665e+01 3.392097734336712023e+01 3.389796350745898224e+01 3.390975651774686384e+01 3.391854591439618360e+01
3.392230357018963360e+01 3.392145823228675283e+01 3.390771808324932124e+01 3.391092443399548984e+01 3.390333862245924479e+01 3.392165976825648244e+01 3.389874591789692460e+01 3.389946201713419782e+01 3.389935958506486458e+01 3.391543204890504626e+01 3.391357325140193524e+01 3.392360099887889646e+01 3.390268158815112542e+01 3.390099267712552944e+01 3.391401443925455084e+01 3.389917729148860559e+01 3.391855102465260785e+01 3.391173775830903026e+01 3.391748546273211673e+01 3.390684572097513438e+01 3.392202336144764985e+01 3.391262499196943736e+01 3.390892324746508990e+01 3.392096584949104709e+01 3.390119570724116471e+01 3.392110452432591217e+01 3.391972676958194910e+01 3.389963486163182438e+01 3.390988055495152764e+01 3.391748732956812518e+01
3.392083789099710600e+01 3.392014687131680972e+01 3.390813818434086357e+01 3.391088847721277943e+01 3.390434441508589458e+01 3.392024632662512573e+01 3.390032701707261964e+01 3.390095717599443503e+01 3.390084121879660017e+01 3.391486231375630211e+01 3.391319587199328822e+01 3.392196851998940588e+01 3.390373723310889176e+01 3.390225506751077944e+01 3.391362823955184069e+01 3.390069645707307444e+01 3.391753182989917548e+01 3.391166440625509182e+01 3.391664017868657766e+01 3.390738706342019526e+01 3.392062324976569698e+01 3.391245082098763675e+01 3.390917058132954764e+01 3.391969832658188722e+01 3.390247856803149773e+01 3.391974490153178579e+01 3.391859684226465532e+01 3.390108151983609019e+01 3.391002566834177401e+01 3.391668561359514911e+01
3.391958106130382333e+01 3.391893383166879516e+01 3.390849940390862116e+01 3.391092618667761371e+01 3.390518029049466975e+01 3.391905438112633675e+01 3.390169673396360395e+01 3.390224023404356757e+01 3.390214626054889635e+01 3.391434370095419837e+01 3.391292126731526224e+01 3.392054676207300901e+01 3.390468521086752673e+01 3.390338943242953462e+01 3.391329589630996821e+01 3.390200971968351240e+01 3.391671920940421359e+01 3.391156576161970548e+01 3.391591228280153558e+01 3.390782792665403633e+01 3.391936890871563293e+01 3.391223278781893669e+01 3.390939733305852144e+01 3.391854134055727599e+01 3.390355974546179851e+01 3.391864425356413193e+01 3.391759010041964473e+01 3.390236859562007510e+01 3.391015252706062455e+01 3.391593464578782857e+01
3.391844811155147710e+01 3.391791429511789602e+01 3.390881742574236313e+01 3.391091456441938590e+01 3.390593180166835197e+01 3.391801495093605467e+01 3.390288680741534932e+01 3.390336339602858118e+01 3.390328522624817964e+01 3.391391892713200917e+01 3.391266821822446786e+01 3.391930938600797418e+01 3.390547870220874671e+01 3.390435955417223113e+01 3.391297619621528980e+01 3.390317175733910915e+01 3.391595294670467808e+01 3.391148225225403223e+01 3.391526832825928750e+01 3.390824637106543094e+01 3.391827825881419045e+01 3.391207693337793927e+01 3.390960767518055974e+01 3.391758271765363020e+01 3.390451452674885502e+01 3.391763635649193276e+01 3.391675508676089379e+01 3.390346467176943435e+01 3.391024581431068441e+01 3.391528632310351554e+01
3.391749450600431715e+01 3.391701651286338404e+01 3.390909219030064747e+01 3.391092291091582211e+01 3.390657807584765493e+01 3.391709443568771576e+01 3.390393007096089661e+01 3.390434408159453028e+01 3.390426891042648094e+01 3.391352889081000654e+01 3.391243944369803387e+01 3.391823082811735901e+01 3.390619259063923607e+01 3.390520925993077839e+01 3.391272853352598560e+01 3.390416876343483921e+01 3.391531678272387751e+01 3.391142136233482063e+01 3.391471428025951695e+01 3.390858636592496111e+01 3.391734127684635069e+01 3.391193225024713342e+01 3.390977183324750399e+01 3.391671724298990398e+01 3.390534760328291242e+01 3.391677632298193146e+01 3.391599209937991333e+01 3.390443514641472689e+01 3.391034494911820474e+01 3.391473779883254025e+01
3.391664435445285619e+01 3.391622942167148125e+01 3.390933214093212911e+01 3.391092895575084043e+01 3.390713995967863070e+01 3.391630970822254909e+01 3.390483297376942318e+01 3.390519344565037585e+01 3.390513398434853798e+01 3.391319914786095779e+01 3.391225493956569181e+01 3.391729202516557251e+01 3.390680349953137807e+01 3.390595199255210446e+01 3.391249219769289169e+01 3.390504600463177809e+01 3.391475368306625171e+01 3.391135424331611148e+01 3.391422828656073563e+01 3.390889418717394221e+01 3.391651039429336123e+01 3.391180119089803924e+01 3.390992978050358175e+01 3.391597558779680099e+01 3.390606617855927141e+01 3.391602894099801802e+01 3.391534835791343738e+01 3.390527415994580451e+01 3.391041891504551131e+01 3.391424003523775355e+01
3.391591095498458230e+01 3.391555359993764540e+01 3.390954119781039111e+01 3.391092756411187281e+01 3.390763400987891885e+01 3.391561424757954768e+01 3.390562295479830368e+01 3.390593755899922712e+01 3.390588218900863637e+01 3.391290950578662944e+01 3.391208167598924206e+01 3.391647407833017525e+01 3.390733771865680524e+01 3.390659412148428942e+01 3.391229546094388070e+01 3.390580709458028252e+01 3.391425960065252099e+01 3.391130584411164506e+01 3.391380560363854357e+01 3.390915999257591551e+01 3.391579719720100172e+01 3.391169617233520484e+01 3.391005914012198730e+01 3.391532943372841657e+01 3.390669914118778649e+01 3.391536853818838892e+01 3.391478029869187338e+01 3.390600512306870229e+01 3.391048891079521610e+01 3.391382122281073919e+01
3.391527283317210362e+01 3.391495659752895619e+01 3.390972282310904973e+01 3.391093401171455923e+01 3.390805973472738799e+01 3.391501419856404453e+01 3.390630974881286619e+01 3.390658314707205534e+01 3.390653614973222574e+01 3.391265549544546332e+01 3.391193798365740975e+01 3.391576168280733583e+01 3.390780539424878270e+01 3.390715754054973274e+01 3.391212295240323726e+01 3.390646956494371977e+01 3.391383696601059938e+01 3.391125869829015471e+01 3.391343811648462747e+01 3.390938897657314754e+01 3.391517092370931863e+01 3.391159686710017951e+01 3.391017425149702547e+01 3.391476162439974473e+01 3.390724583728722052e+01 3.391480281160944799e+01 3.391428459432339082e+01 3.390664435505468077e+01 3.391054898242713733e+01 3.391344896172806500e+01
3.391471327407627712e+01 3.391444150088085507e+01 3.390988141392084287e+01 3.391093411812366298e+01 3.390843354298642254e+01 3.391449046803673184e+01 3.390690788949176238e+01 3.390714642176719451e+01 3.390710559972256277e+01 3.391243708472977403e+01 3.391181029435266936e+01 3.391514125473477748e+01 3.390820928568712844e+01 3.390764589507001858e+01 3.391197000996156419e+01 3.390704839480055455e+01 3.391346200123770416e+01 3.391121868742190060e+01 3.391311696279735344e+01 3.390959211758915615e+01 3.391462645072866877e+01 3.391151490407569469e+01 3.391027532171058567e+01 3.391427254062108432e+01 3.390772403051484929e+01 3.391430379305001708e+01 3.391385694464953104e+01 3.390719833153091400e+01 3.391059981111876453e+01 3.391312650655894601e+01
3.391422965750997065e+01 3.391399109193901040e+01 3.391001926415680856e+01 3.391093687888850639e+01 3.390875784340484955e+01 3.391403302625251115e+01 3.390742952798514409e+01 3.390763711080850840e+01 3.390760082871430825e+01 3.391224446025211847e+01 3.391169869632319944e+01 3.391460075738658020e+01 3.390856381971278921e+01 3.390807210561301588e+01 3.391184015994912926e+01 3.390755082098712592e+01 3.391313950319321435e+01 3.391118477947608056e+01 3.391283805196196255e+01 3.390976610911066302e+01 3.391415325997900254e+01 3.391144190071849351e+01 3.391036140491559081e+01 3.391384272369838726e+01 3.390814034500710505e+01 3.391387187362482791e+01 3.391348037527676240e+01 3.390768282236053466e+01 3.391064602442843778e+01 3.391284687134258746e+01
3.391380592857272092e+01 3.391359857956219059e+01 3.391013943513974738e+01 3.391093871542566518e+01 3.390904042893605919e+01 3.391363640914915578e+01 3.390788322259403031e+01 3.390806403673700942e+01 3.390803309509472996e+01 3.391207802019501116e+01 3.391160295060396379e+01 3.391413004461592351e+01 3.390887112809344472e+01 3.390844344804764177e+01 3.391172453261759756e+01 3.390798957242076739e+01 3.391285705643572612e+01 3.391115374421140416e+01 3.391259464799892953e+01 3.390991925598869017e+01 3.391373952013941562e+01 3.391137809831222683e+01 3.391043812625638765e+01 3.391347013312964265e+01 3.390850232261026065e+01 3.391349536406721654e+01 3.391315502852598485e+01 3.390810389357960020e+01 3.391068477030668760e+01 3.391260119572032750e+01
3.391343793625197378e+01 3.391325764593052128e+01 3.391024408900518949e+01 3.391093977252348424e+01 3.390928698366884930e+01 3.391328950392630759e+01 3.390827884285951654e+01 3.390843638196934506e+01 3.390840894842456521e+01 3.391193258693594714e+01 3.391151811258220050e+01 3.391372000523063690e+01 3.390913924583040995e+01 3.390876641638445932e+01 3.391162510060708968e+01 3.390837125572710420e+01 3.391261094934282028e+01 3.391112791228267298e+01 3.391238276962274512e+01 3.391005215808228002e+01 3.391338040107719820e+01 3.391132342264508281e+01 3.391050387538863475e+01 3.391314527992855687e+01 3.390881838713531238e+01 3.391316656760066905e+01 3.391287049889004379e+01 3.390847082236749088e+01 3.391071929348969860e+01 3.391238895370659634e+01
3.391311728571928086e+01 3.391295972905503220e+01 3.391033519763751514e+01 3.391094150571990440e+01 3.390950122618817630e+01 3.391298812013609165e+01 3.390862323482677709e+01 3.390876037477681137e+01 3.390873664512787400e+01 3.391180581898751001e+01 3.391144513800653471e+01 3.391336285872716161e+01 3.390937292673033454e+01 3.390904819462066655e+01 3.391153816469289239e+01 3.390870374228310880e+01 3.391239732730787892e+01 3.391110473230904176e+01 3.391219825580230918e+01 3.391016775468617084e+01 3.391306690507719424e+01 3.391127490001470335e+01 3.391056155023760965e+01 3.391286189997427414e+01 3.390909311218019440e+01 3.391288121682383405e+01 3.391262276713867863e+01 3.390879063473463617e+01 3.391074914360638104e+01 3.391220308062932531e+01
3.391283765235910153e+01 3.391270085721793492e+01 3.391041459480241826e+01 3.391094235123157574e+01 3.390968820085257107e+01 3.391272537123317932e+01 3.390892322986076124e+01 3.390904272016073406e+01 3.390902200204831729e+01 3.391169568072164964e+01 3.391138117604769064e+01 3.391305177823983286e+01 3.390957610969988423e+01 3.390929331916959200e+01 3.391146223652982172e+01 3.390899350644374977e+01 3.391221047934986643e+01 3.391108475042335613e+01 3.391203742766952445e+01 3.391026881444446417e+01 3.391279405166363148e+01 3.391123321106935151e+01 3.391061178956842781e+01 3.391261565697242730e+01 3.390933268560014824e+01 3.391263189766015529e+01 3.391240735654915994e+01 3.390906889158094373e+01 3.391077503314627961e+01 3.391204151416542345e+01
3.391259449522594593e+01 3.391247509953415573e+01 3.391048371238213122e+01 3.391094344678543138e+01 3.390985087080174054e+01 3.391249642605597359e+01 3.390918458469842278e+01 3.390928862678390487e+01 3.390927048807664335e+01 3.391159946961816019e+01 3.391132548945827097e+01 3.391278080637621883e+01 3.390975340111694436e+01 3.390950695502106527e+01 3.391139645001074143e+01 3.390924569951628342e+01 3.391204824518284511e+01 3.391106739510849621e+01 3.391189743429785608e+01 3.391035649225923265e+01 3.391255645080088499e+01 3.391119664465838213e+01 3.391065535812886367e+01 3.391240070875177537e+01 3.390954128787382160e+01 3.391241511892189919e+01 3.391221927545918646e+01 3.390931149237482600e+01 3.391079778084169760e+01 3.391190084220082923e+01
3.391238239034832702e+01 3.391227848181667071e+01 3.391054392612873869e+01 3.391094428186600140e+01 3.390999259714479308e+01 3.391229719210809890e+01 3.390941215363894656e+01 3.390950277048066397e+01 3.390948701739711169e+01 3.391151583612009546e+01 3.391127711416110202e+01 3.391254478807996975e+01 3.390990762582338647e+01 3.390969302005498065e+01 3.391133884538970733e+01 3.390946550035076257e+01 3.391190669800208468e+01 3.391105212235029853e+01 3.391177543221608204e+01 3.391043306606110264e+01 3.391234933007424246e+01 3.391116481146230655e+01 3.391069349930375409e+01 3.391221372660076128e+01 3.390972293104551483e+01 3.391222620236736418e+01 3.391205577525335713e+01 3.390952267056270841e+01 3.391081741328392241e+01 3.391177809935801690e+01
3.391219779196419637e+01 3.391210730513630267e+01 3.391059636493370277e+01 3.391094497252016282e+01 3.391011607208749012e+01 3.391212348243998065e+01 3.390961042099027622e+01 3.390968934292875048e+01 3.390967553597275241e+01 3.391144291246392584e+01 3.391123481467788281e+01 3.391233920156595616e+01 3.391004202958445291e+01 3.390985503899699438e+01 3.391128883769910374e+01 3.390965687856645161e+01 3.391178343336976297e+01 3.391103895428175719e+01 3.391166918388106666e+01 3.391049967744181259e+01 3.391216906521839292e+01 3.391113716124311139e+01 3.391072658161825615e+01 3.391205078517518956e+01 3.390988122366790236e+01 3.391206158257413250e+01 3.391191319523990444e+01 3.390970664432563808e+01 3.391083461222270046e+01 3.391167138416710713e+01
3.391203696110797949e+01 3.391195809697491370e+01 3.391064203209366923e+01 3.391094565219970747e+01 3.391022356304988250e+01 3.391197227509696432e+01 3.390978308362566196e+01 3.390985180728009851e+01 3.390983977904220126e+01 3.391137939331100881e+01 3.391119808052634710e+01 3.391216012831667115e+01 3.391015909498862868e+01 3.390999620816411664e+01 3.391124521563099137e+01 3.390982358341060632e+01 3.391167612816591515e+01 3.391102739238289132e+01 3.391157663455511795e+01 3.391055769112067253e+01 3.391201195575289518e+01 3.391111297392095736e+01 3.391075545375390732e+01 3.391190882677795315e+01 3.391001902748136843e+01 3.391191830012862596e+01 3.391178903730736494e+01 3.390986689878715055e+01 3.391084955029221959e+01 3.391157829947156443e+01
3.391189684349777167e+01 3.391182820545223819e+01 3.391068180916947483e+01 3.391094616298895659e+01 3.391031722931937509e+01 3.391184052625818879e+01 3.390993347903895483e+01 3.390999333297193630e+01 3.390998281967014805e+01 3.391132408828100608e+01 3.391116602288590798e+01 3.391200414714278111e+01 3.391026102296478939e+01 3.391011912716116683e+01 3.391120720600345351e+01 3.390996879547893172e+01 3.391158257376579854e+01 3.391101735177760190e+01 3.391149600701683653e+01 3.391060825359427611e+01 3.391187514047801699e+01 3.391109197298619193e+01 3.391078058770776948e+01 3.391178523399613454e+01 3.391013909142556315e+01 3.391179340199490611e+01 3.391168091752687985e+01 3.391000644819093424e+01 3.391086255315990883e+01 3.391149726945077703e+01
3.391177483682691474e+01 3.391171502385193293e+01 3.391071644703556132e+01 3.391094665043618761e+01 3.391039878506887817e+01 3.391172576427016594e+01 3.391006447622985576e+01 3.391011659511146092e+01 3.391010740295917003e+01 3.391127588123791270e+01 3.391113810754914937e+01 3.391186827841922735e+01 3.391034983566960648e+01 3.391022620636180562e+01 3.391117412905398965e+01 3.391009525308727746e+01 3.391150114444950248e+01 3.391100860071463075e+01 3.391142578471952618e+01 3.391065225129067073e+01 3.391175596688536586e+01 3.391107364027071469e+01 3.391080245907454582e+01 3.391167752332071217e+01 3.391024365222026660e+01 3.391168466032125650e+01 3.391158669053926644e+01 3.391012802178294550e+01 3.391087389395976004e+01 3.391142668255466219e+01
3.391166852533031317e+01 3.391161644440317247e+01 3.391074661475635565e+01 3.391094705146602450e+01 3.391046982529950071e+01 3.391162581722102232e+01 3.391017856535395225e+01 3.391022395128918276e+01 3.391021592279933117e+01 3.391123390858260933e+01 3.391111379852257812e+01 3.391174993000305449e+01 3.391042716417568670e+01 3.391031946567590438e+01 3.391114527935030765e+01 3.391020541239835495e+01 3.391143018024500577e+01 3.391100095934144321e+01 3.391136460726403357e+01 3.391069059578763500e+01 3.391165214402122530e+01 3.391105767531938397e+01 3.391082152610357525e+01 3.391158373265242432e+01 3.391033471967626411e+01 3.391158992164388053e+01 3.391150465099551070e+01 3.391023389353404127e+01 3.391088374719918619e+01 3.391136517567225894e+01
3.391157594161580136e+01 3.391153058146336718e+01 3.391077288599523598e+01 3.391094739610485220e+01 3.391053169989792337e+01 3.391153873744873692e+01 3.391027794116967442e+01 3.391031746169805672e+01 3.391031043211607710e+01 3.391119733424132221e+01 3.391109260320515517e+01 3.391164684055097922e+01 3.391049452550188192e+01 3.391040068845472888e+01 3.391112016788508043e+01 3.391030134953251007e+01 3.391136837248215130e+01 3.391099431439053546e+01 3.391131131900827000e+01 3.391072397779773695e+01 3.391156172371824340e+01 3.391104377115678403e+01 3.391083811277277960e+01 3.391150202196725161e+01 3.391041404489131139e+01 3.391150739419985882e+01 3.391143316598453339e+01 3.391032611177550393e+01 3.391089233798128078e+01 3.391131161939370742e+01
3.391149528743133601e+01 3.391145577711874637e+01 3.391079576384591121e+01 3.391094769936653819e+01 3.391058558387839383e+01 3.391146289715680240e+01 3.391036449120843344e+01 3.391039890186563355e+01 3.391039275274184916e+01 3.391116547451199636e+01 3.391107415051673968e+01 3.391155704287808703e+01 3.391055319219204023e+01 3.391047143600129488e+01 3.391109828114046820e+01 3.391038491109702591e+01 3.391131453662511319e+01 3.391098851080459298e+01 3.391126489842274339e+01 3.391075305137330531e+01 3.391148294957191922e+01 3.391103164511670087e+01 3.391085256392445046e+01 3.391143084476130554e+01 3.391048312632469930e+01 3.391143551716125160e+01 3.391137090339717020e+01 3.391040643139074717e+01 3.391089981017486110e+01 3.391126494997745766e+01
3.391142502981947615e+01 3.391139062525710557e+01 3.391081568666837853e+01 3.391094795017322383e+01 3.391063251832253655e+01 3.391139682795129318e+01 3.391043987473804577e+01 3.391046983600053011e+01 3.391046444877614618e+01 3.391113772135857829e+01 3.391105806538556777e+01 3.391147882234042044e+01 3.391060428448474084e+01 3.391053304940925983e+01 3.391107921323022367e+01 3.391045769105097918e+01 3.391126763081234685e+01 3.391098345611128906e+01 3.391122445941645225e+01 3.391077837343260626e+01 3.391141433602255972e+01 3.391102108682870409e+01 3.391086514408423369e+01 3.391136884895766457e+01 3.391054329797050571e+01 3.391137289541787680e+01 3.391131666811426015e+01 3.391047638379112783e+01 3.391090631445916870e+01 3.391122430286586820e+01
3.391136383347200933e+01 3.391133386659989668e+01 3.391083303464555598e+01 3.391094816978183246e+01 3.391067339127717162e+01 3.391133927632459688e+01 3.391050553086752473e+01 3.391053161548691008e+01 3.391052689288260780e+01 3.391111353973592202e+01 3.391104405256182019e+01 3.391141068567249306e+01 3.391064878612723987e+01 3.391058671381237133e+01 3.391106260309675946e+01 3.391052107714953223e+01 3.391122677753571679e+01 3.391097904766456139e+01 3.391118923255327644e+01 3.391080042055338595e+01 3.391135456648924418e+01 3.391101188074259198e+01 3.391087609577261475e+01 3.391131483837823168e+01 3.391059570198665796e+01 3.391131835242801174e+01 3.391126941844355969e+01 3.391053731223666290e+01 3.391091197683643088e+01 3.391118889196488340e+01
3.391131052116670475e+01 3.391128442550571975e+01 3.391084814062564590e+01 3.391094835352128456e+01 3.391070898906018982e+01 3.391128914437332753e+01 3.391056271328623239e+01 3.391058542187425218e+01 3.391058127922855192e+01 3.391109247482084044e+01 3.391103184290874850e+01 3.391135133247093592e+01 3.391068754028577104e+01 3.391063345109087379e+01 3.391104812675176561e+01 3.391057628500155374e+01 3.391119118430250978e+01 3.391097520184196412e+01 3.391115854349659031e+01 3.391081962250503068e+01 3.391130249982928291e+01 3.391100385883225243e+01 3.391088563237939013e+01 3.391126779330273422e+01 3.391064134237061722e+01 3.391127083672733278e+01 3.391122826266731494e+01 3.391059037537083753e+01 3.391091690191721142e+01 3.391115804194680550e+01
3.391126408286429950e+01 3.391124135679981322e+01 3.391086129337787725e+01 3.391094850926403836e+01 3.391073999069072187e+01 3.391124547151120083e+01 3.391061251639907681e+01 3.391063228420536291e+01 3.391062864514723429e+01 3.391107412061829507e+01 3.391102120156083544e+01 3.391129962967684719e+01 3.391072129280849623e+01 3.391067415533855467e+01 3.391103551548754780e+01 3.391062436628240562e+01 3.391116017856509046e+01 3.391097184895657790e+01 3.391113180835696994e+01 3.391083634137181946e+01 3.391125714563074922e+01 3.391099686714819939e+01 3.391089393227869664e+01 3.391122680939177059e+01 3.391068109214349136e+01 3.391122944489470825e+01 3.391119240746765229e+01 3.391063659071888026e+01 3.391092118861663351e+01 3.391113116851232689e+01
3.391122362820186709e+01 3.391120383712772224e+01 3.391087274494317683e+01 3.391094864081294702e+01 3.391076698852029381e+01 3.391120742827992984e+01 3.391065589076131914e+01 3.391067309702030741e+01 3.391066989784626884e+01 3.391105812936880426e+01 3.391101192952190502e+01 3.391125459067118442e+01 3.391075068680127913e+01 3.391070960541533452e+01 3.391102452468532391e+01 3.391066624185081935e+01 3.391113316731651395e+01 3.391096892243021443e+01 3.391110851655509606e+01 3.391085089956188625e+01 3.391121763498196628e+01 3.391099077141658569e+01 3.391090115803704208e+01 3.391119110697846395e+01 3.391071570943218205e+01 3.391119338793688343e+01 3.391116117318503598e+01 3.391067684039936836e+01 3.391092491683383514e+01 3.391110775447477010e+01
3.391118838659177470e+01 3.391117115294738227e+01 3.391088271478292882e+01 3.391094874969864037e+01 3.391079050001977180e+01 3.391117428619618579e+01 3.391069366621962899e+01 3.391070864145906683e+01 3.391070582475059325e+01 3.391104419599641773e+01 3.391100384760817121e+01 3.391121535592463232e+01 3.391077628464023519e+01 3.391074047792379531e+01 3.391101494697304730e+01 3.391070271161402871e+01 3.391110963428018721e+01 3.391096636929655972e+01 3.391108822404898149e+01 3.391086357551248653e+01 3.391118321629046761e+01 3.391098545811324527e+01 3.391090744664823831e+01 3.391116000513437001e+01 3.391074585769892735e+01 3.391116197559529866e+01 3.391113396262017687e+01 3.391071189372658523e+01 3.391092815961651752e+01 3.391108735661534723e+01
3.391115768600294444e+01 3.391114267886643319e+01 3.391089139390927443e+01 3.391094884048539626e+01 3.391081097388335053e+01 3.391114541415915085e+01 3.391072656468870150e+01 3.391073959653020609e+01 3.391073711316578709e+01 3.391103205462052017e+01 3.391099680370984970e+01 3.391118117681698152e+01 3.391079857655531526e+01 3.391076736411542925e+01 3.391100660005862011e+01 3.391073447261506146e+01 3.391108913257168211e+01 3.391096414048297447e+01 3.391107054417861377e+01 3.391087461134020486e+01 3.391115323187763408e+01 3.391098082471562236e+01 3.391091291935654084e+01 3.391113290930569946e+01 3.391077211243555212e+01 3.391113461081214098e+01 3.391111025640100252e+01 3.391074242151699281e+01 3.391093097951564772e+01 3.391106958453006825e+01
