4.100000000000000000e+01 3.000000000000000000e+01 4.100000000000000000e+01 3.600000000000000000e+01 4.300000000000000000e+01 2.300000000000000000e+01 3.800000000000000000e+01 4.100000000000000000e+01 3.000000000000000000e+01 3.300000000000000000e+01 3.100000000000000000e+01 3.500000000000000000e+01 3.600000000000000000e+01 4.100000000000000000e+01 3.400000000000000000e+01 3.800000000000000000e+01 3.600000000000000000e+01 3.800000000000000000e+01 4.800000000000000000e+01 2.800000000000000000e+01 3.200000000000000000e+01 2.500000000000000000e+01 3.000000000000000000e+01 3.000000000000000000e+01 1.800000000000000000e+01 2.400000000000000000e+01 3.500000000000000000e+01 3.400000000000000000e+01 4.300000000000000000e+01 3.800000000000000000e+01
3.585300011312210700e+01 3.551838967046933249e+01 3.334825280978111550e+01 3.140621172806277173e+01 3.839186850843543652e+01 3.237987052759126527e+01 3.515091743094671983e+01 3.407792294269893318e+01 3.275505244440864772e+01 3.489142867534246761e+01 3.219176890339440433e+01 3.264546131013776176e+01 3.463335200844448991e+01 3.841450178106606472e+01 3.355441173911822261e+01 3.203305422273115255e+01 3.509257200679712696e+01 3.311810481466818601e+01 3.747670291840040591e+01 3.279616928345058113e+01 3.251827912790759001e+01 3.014138740725320531e+01 3.470886973850429058e+01 3.684666243765968829e+01 3.045264495963056106e+01 3.191543904642458074e+01 3.485485322581371292e+01 3.826764310721773654e+01 3.548615223856904777e+01 3.527166048961953493e+01
3.528255893188342895e+01 3.658092193535096470e+01 3.330111077918722629e+01 3.292534391685559569e+01 3.525163871948402061e+01 3.408607876541705650e+01 3.555236206315126424e+01 3.349234744833550081e+01 3.322483008952457340e+01 3.437371330792437618e+01 3.240832778820504245e+01 3.362283913400999324e+01 3.375516776064520030e+01 3.653063031229505953e+01 3.376674302488192581e+01 3.372138092252599506e+01 3.483814689056037395e+01 3.305594955361088694e+01 3.468757430409223730e+01 3.355096300159504352e+01 3.264692419516798338e+01 3.220936037922783157e+01 3.494028964066365006e+01 3.553549651027393708e+01 3.229341514317869155e+01 3.475307578529806563e+01 3.391212346962264945e+01 3.653022332037900810e+01 3.398078706654322900e+01 3.533879975304669330e+01
3.480042152263612820e+01 3.581356074790491562e+01 3.347234418085319874e+01 3.359285428140007923e+01 3.449888665901173823e+01 3.411264387731852565e+01 3.523848957838792728e+01 3.369302321890057073e+01 3.330307934628122268e+01 3.424609902583409138e+01 3.311199488608313146e+01 3.393670644403577086e+01 3.397857700408415127e+01 3.517564049614611577e+01 3.408032155672099606e+01 3.484654487897970654e+01 3.440942593690952123e+01 3.376114866530507896e+01 3.404083914269615008e+01 3.396561784032041942e+01 3.298943277300706001e+01 3.305610415243472033e+01 3.473996800462110457e+01 3.455857141083777151e+01 3.313692080729915546e+01 3.534610213485389352e+01 3.356254905828831880e+01 3.536450306061244930e+01 3.441002864640245207e+01 3.489214871645009453e+01
3.444749624879175087e+01 3.514660310603638749e+01 3.371690850706041687e+01 3.376151022672588198e+01 3.453463121804119851e+01 3.397976907568759231e+01 3.476853935302431609e+01 3.394343876767845103e+01 3.345814927878886635e+01 3.422580175300543459e+01 3.363240324174293505e+01 3.390903746379861872e+01 3.419231536525060022e+01 3.461999302265304124e+01 3.414589909215096242e+01 3.504644964540464969e+01 3.421768165045950383e+01 3.407580203181546352e+01 3.392909886514777185e+01 3.400796189328782759e+01 3.343875327496287753e+01 3.346001194516884425e+01 3.450846088273419809e+01 3.415618110634640203e+01 3.361763733495575934e+01 3.513639559019726022e+01 3.373596098198279947e+01 3.487559120531120982e+01 3.472836450253262797e+01 3.445419109563318472e+01
3.423374059536058667e+01 3.480886569131077835e+01 3.390506278670100926e+01 3.384266677913777244e+01 3.460436019377503669e+01 3.398124698854022085e+01 3.449680123956385813e+01 3.404871650697676699e+01 3.367616870558678244e+01 3.419090603523817862e+01 3.388619109799778784e+01 3.388230904987354108e+01 3.425540492688941896e+01 3.447999877202316554e+01 3.408498781373337749e+01 3.488083039851820644e+01 3.419740093651364532e+01 3.413605934783408458e+01 3.396953059294196464e+01 3.395998642822699765e+01 3.376403931498848721e+01 3.368916605424770694e+01 3.432492983502403661e+01 3.403078426101008347e+01 3.383471363385996256e+01 3.482840362523964473e+01 3.396690671295892372e+01 3.469960014487908495e+01 3.474703227341355927e+01 3.418483480786193240e+01
3.412259336340745364e+01 3.465426443148451341e+01 3.399742674417313282e+01 3.393244973995785330e+01 3.458172305667220314e+01 3.405128248454202833e+01 3.439476522878182152e+01 3.405669928797342294e+01 3.385779622665568667e+01 3.413447288460434947e+01 3.399562535703980615e+01 3.391852025924957559e+01 3.425583012639283709e+01 3.445514606437901506e+01 3.402556913750098744e+01 3.468307170390842487e+01 3.422731845548577212e+01 3.413824025181597932e+01 3.402249264404708384e+01 3.394806278578970904e+01 3.394006498808320771e+01 3.383328276862002326e+01 3.419680377523177128e+01 3.401756023750948543e+01 3.392673583545163041e+01 3.462247000985504997e+01 3.410506675702722390e+01 3.461363692006002424e+01 3.464158160719492230e+01 3.406399970048541093e+01
3.407274703813401118e+01 3.456650704219240566e+01 3.402798818178422380e+01 3.401631302248743083e+01 3.451465284733673400e+01 3.411845131427153888e+01 3.436368085874329381e+01 3.404177894939790860e+01 3.397353194462347403e+01 3.408349718276694063e+01 3.405216248063786821e+01 3.397973658819140752e+01 3.424939273431559172e+01 3.443426719130742697e+01 3.400585529231143767e+01 3.454694593840638106e+01 3.425240947373069389e+01 3.414807526300266716e+01 3.404825387588348917e+01 3.397455270215989742e+01 3.402591229864363953e+01 3.392694623756914751e+01 3.411642548486629067e+01 3.403305810366936157e+01 3.397754906344849957e+01 3.451012496960002096e+01 3.416600155112104886e+01 3.454372974280288844e+01 3.453200732787219351e+01 3.403134432197660431e+01
3.405373804827410567e+01 3.450001983097604352e+01 3.403666383344177859e+01 3.407850372679057216e+01 3.444807084506085459e+01 3.416121605777707515e+01 3.434799845811182450e+01 3.403716429319833736e+01 3.403866877887652009e+01 3.405362603081724870e+01 3.409088256492062641e+01 3.403373306538694720e+01 3.424814560903247695e+01 3.440237177128298640e+01 3.401499595924740760e+01 3.446521527376329175e+01 3.426294387102932859e+01 3.416631717613314123e+01 3.405359746979389968e+01 3.401285860582016340e+01 3.407115846623836575e+01 3.398842660773667745e+01 3.407251941509688464e+01 3.404613131843216678e+01 3.401667845631281040e+01 3.444646756286034162e+01 3.419012090232209289e+01 3.448015200153112403e+01 3.445309695402126948e+01 3.403506718520576158e+01
3.404873697581651015e+01 3.444463831181386126e+01 3.404404022482723491e+01 3.411855744041453420e+01 3.439694239466260939e+01 3.418358273931193025e+01 3.433148985197310310e+01 3.404546285154650320e+01 3.407524904824292378e+01 3.404397377524937696e+01 3.412003320515609062e+01 3.407112211511043398e+01 3.424891045389338728e+01 3.436838231138343502e+01 3.403444655705646227e+01 3.441357393856537783e+01 3.426366307693169233e+01 3.418324828787199010e+01 3.405356236123562041e+01 3.404615852499481576e+01 3.409977578098876450e+01 3.402964806706332723e+01 3.405317133973539256e+01 3.405313364053412073e+01 3.404948958847492690e+01 3.440311066186242783e+01 3.420080186361927588e+01 3.442657070713814704e+01 3.440093217698883166e+01 3.404709693576202056e+01
3.405035064790165222e+01 3.439948206946078813e+01 3.405498677086887227e+01 3.414269284183954056e+01 3.436005867810582970e+01 3.419406915397638613e+01 3.431375644439605566e+01 3.405981129307816246e+01 3.409791309954312766e+01 3.404688213874810288e+01 3.414112948761495403e+01 3.409474790468051708e+01 3.424831095205341569e+01 3.433885918692234895e+01 3.405348864437453926e+01 3.437637899014816867e+01 3.425977502629402949e+01 3.419453524639315134e+01 3.405633933217907838e+01 3.407027979303965992e+01 3.412032171521524759e+01 3.405839820234714921e+01 3.404843571195085872e+01 3.405826352429341597e+01 3.407571892061142904e+01 3.436890278719597802e+01 3.420652624286244503e+01 3.438428616920905512e+01 3.436473439166522326e+01 3.405808814072600654e+01
3.405565619145514233e+01 3.436372818122023887e+01 3.406799112721520117e+01 3.415705955909571401e+01 3.433261260956891192e+01 3.419857850310322078e+01 3.429697757263220836e+01 3.407460845278857420e+01 3.411379115837903697e+01 3.405545145552991215e+01 3.415544819931259468e+01 3.410994903803984357e+01 3.424554334816097878e+01 3.431513076475874158e+01 3.406903222411023791e+01 3.434690993668368009e+01 3.425410803052061937e+01 3.420043070416180342e+01 3.406324393569136788e+01 3.408708231654011911e+01 3.413547967360472768e+01 3.407940235004563334e+01 3.405153835310600385e+01 3.406460324904919190e+01 3.409557093536955819e+01 3.434066282824461069e+01 3.420950914705071000e+01 3.435158444528959620e+01 3.433725511726313329e+01 3.406730565316846082e+01
3.406324496337451535e+01 3.433557567859812565e+01 3.408084983893840558e+01 3.416576989552802956e+01 3.431099258067077074e+01 3.420014585017892017e+01 3.428220975511929680e+01 3.408754279355728301e+01 3.412578553690982375e+01 3.406572890874932114e+01 3.416468583420380156e+01 3.412064007709363267e+01 3.424118557052187839e+01 3.429615490698239455e+01 3.408151311848088483e+01 3.432273007759570049e+01 3.424785276648130861e+01 3.420264233436476076e+01 3.407267303868833608e+01 3.409942429998650226e+01 3.414644348439954058e+01 3.409537877856337218e+01 3.405851853458884904e+01 3.407272629477588310e+01 3.411024434801701943e+01 3.431735638583578663e+01 3.421042207997603413e+01 3.432595202159158276e+01 3.431504136065101562e+01 3.407592929767692880e+01
3.407212059692932371e+01 3.431308947828438249e+01 3.409241353719541223e+01 3.417117494953602375e+01 3.429322771145690751e+01 3.420017459339162968e+01 3.426949137318111127e+01 3.409836696635941422e+01 3.413506903673007997e+01 3.407605360565690944e+01 3.417045420217970531e+01 3.412890190572967697e+01 3.423603417455761644e+01 3.428061391384299839e+01 3.409203563042364493e+01 3.430273179001581951e+01 3.424150218069053864e+01 3.420271227332977304e+01 3.408284032066405445e+01 3.410927722371624782e+01 3.415418386407145590e+01 3.410789801784981279e+01 3.406725903274608669e+01 3.408191006625150266e+01 3.412119261737958453e+01 3.429815784631065156e+01 3.420980177065282390e+01 3.430533147080067380e+01 3.429658430101078892e+01 3.408462379524107178e+01
3.408148920403544935e+01 3.429473995224099525e+01 3.410245433037571416e+01 3.417456232163912944e+01 3.427830356824129154e+01 3.419934173256827137e+01 3.425850984931798848e+01 3.410752922342035731e+01 3.414227381802106009e+01 3.408590167665904147e+01 3.417398584401485806e+01 3.413565646513062291e+01 3.423066753268736306e+01 3.426756956098081019e+01 3.410133710532209506e+01 3.428610016241871961e+01 3.423530878160563162e+01 3.420165007749010044e+01 3.409267375290595226e+01 3.411762645260621696e+01 3.415958754954696275e+01 3.411792397480229511e+01 3.407664364774617383e+01 3.409127074030147497e+01 3.412961207981602740e+01 3.428222950317569939e+01 3.420818327084580091e+01 3.428834004631480070e+01 3.428107852519593024e+01 3.409336885099645542e+01
3.409077642290072419e+01 3.427946963473577568e+01 3.411115227431795915e+01 3.417666312137671270e+01 3.426562080970649049e+01 3.419802261046195468e+01 3.424895074478669699e+01 3.411548236386331467e+01 3.414788149527729644e+01 3.409514052979402976e+01 3.417611626521808432e+01 3.414129998850038561e+01 3.422541969803392448e+01 3.425643981828815043e+01 3.410973174053790302e+01 3.427213932732042423e+01 3.422942790532408708e+01 3.420003769548878125e+01 3.410174339284796474e+01 3.412488041385587678e+01 3.416338152342050449e+01 3.412609601591039876e+01 3.408605379795479706e+01 3.410022201919861118e+01 3.413631706836585522e+01 3.426885003175395639e+01 3.420600967109751878e+01 3.427408970022931101e+01 3.426794868774808123e+01 3.410187141498825980e+01
3.409962527967608992e+01 3.426656947050677360e+01 3.411875677015796526e+01 3.417792424876164858e+01 3.425475550011758941e+01 3.419645262755288684e+01 3.424057774537231325e+01 3.412250924401826779e+01 3.415229385478401980e+01 3.410372368886435623e+01 3.417737746973661217e+01 3.414604581464413968e+01 3.422046216007276342e+01 3.424684922623674055e+01 3.411731447571784059e+01 3.426029094525744512e+01 3.422395209210823452e+01 3.419819640049131948e+01 3.410996263004174978e+01 3.413121445075753257e+01 3.416609868137626194e+01 3.413286191040270268e+01 3.409512765415119873e+01 3.410849365744267203e+01 3.414181314304118331e+01 3.425747226662720379e+01 3.420359516002983469e+01 3.426198712523239465e+01 3.425673789120788371e+01 3.410986532573770091e+01
3.410784982538919508e+01 3.425554999020296520e+01 3.412546328808664242e+01 3.417863693134527381e+01 3.424538188189495713e+01 3.419478671276089443e+01 3.423321692970583285e+01 3.412875991547817733e+01 3.415582819662307656e+01 3.411161910988928980e+01 3.417809931295904846e+01 3.415005348103884586e+01 3.421587406648498586e+01 3.423853017835879342e+01 3.412412009151422154e+01 3.425013456607492657e+01 3.421892563796536990e+01 3.419630281834124474e+01 3.411736999237849943e+01 3.413674071632206619e+01 3.416809975574965108e+01 3.413854266544493754e+01 3.410365547096969152e+01 3.411601145811393110e+01 3.414640965592965216e+01 3.424770004428224013e+01 3.420114083968903174e+01 3.425161074124682159e+01 3.424708853291485866e+01 3.411720578906490431e+01
3.411537664322639074e+01 3.424605751773290052e+01 3.413140435850029064e+01 3.417899693511486703e+01 3.423724651877714109e+01 3.419312574023644657e+01 3.422673229982040510e+01 3.413432086912968799e+01 3.415871740474118923e+01 3.411881139041863520e+01 3.417848550167509103e+01 3.415345898265793778e+01 3.421168351445776068e+01 3.423127815220850323e+01 3.413018978293739281e+01 3.424135933858198655e+01 3.421435859007657854e+01 3.419445429763573685e+01 3.412402940218420611e+01 3.414156140093663794e+01 3.416961787564986963e+01 3.414337015356839089e+01 3.411152874679206803e+01 3.412279081200211550e+01 3.415030532647983819e+01 3.423924376417036797e+01 3.419876570440000307e+01 3.424264748480980813e+01 3.423872690197498514e+01 3.412385223591236638e+01
3.412219737932207408e+01 3.423782690896909031e+01 3.413667301599039661e+01 3.417913607501951390e+01 3.423015188073185300e+01 3.419153223075024073e+01 3.422101182891023541e+01 3.413925811606688399e+01 3.416112395481476227e+01 3.412530913774222796e+01 3.417866303343805612e+01 3.415637579914274369e+01 3.420788996270727012e+01 3.422493202852047034e+01 3.413558170663385027e+01 3.423373179473843919e+01 3.421023921426932901e+01 3.419270367931048327e+01 3.413000159699905822e+01 3.414577369356217673e+01 3.417080138657107113e+01 3.414751306005198472e+01 3.411870776152196783e+01 3.412887806967954418e+01 3.415363804490843336e+01 3.423188495510237317e+01 3.419653420577483161e+01 3.423485896915067883e+01 3.423144305306310287e+01 3.412982428335737950e+01
3.412833793892807677e+01 3.423065421554727550e+01 3.414134307083629949e+01 3.417914173521932497e+01 3.422394208435336793e+01 3.419004157384136278e+01 3.421596083420596557e+01 3.414363342095099085e+01 3.416315908697185222e+01 3.413114296559396621e+01 3.417871227186739702e+01 3.415889393444281552e+01 3.420447697484373606e+01 3.421936268388562041e+01 3.414036260308392201e+01 3.422707169070462641e+01 3.420654315958990566e+01 3.419107791761245352e+01 3.413534237835511220e+01 3.414946437735827089e+01 3.417174571814272355e+01 3.415109585192981712e+01 3.412519720467603435e+01 3.413432695420302565e+01 3.415650996453130261e+01 3.422545377774982711e+01 3.419447642379715546e+01 3.422806022763460732e+01 3.422507278831621136e+01 3.413516767153222986e+01
3.413384091808934784e+01 3.422437922990535242e+01 3.414547927853369913e+01 3.417907053491995839e+01 3.421849167254735846e+01 3.418867059448222534e+01 3.421149823395634826e+01 3.414750668389830679e+01 3.416489983183640788e+01 3.413635803222067722e+01 3.417868471461781610e+01 3.416108248552184534e+01 3.420141985812553287e+01 3.421446473123918963e+01 3.414459884557506086e+01 3.422123629998461070e+01 3.420323952466336692e+01 3.418958836333586504e+01 3.414010556807727426e+01 3.415270686704543124e+01 3.417251401562388935e+01 3.415421236378962533e+01 3.413102806547231438e+01 3.413919159243673107e+01 3.415899968221336991e+01 3.421981510819671257e+01 3.419260176468218049e+01 3.422210489132835676e+01 3.421948471102290057e+01 3.413993593788784153e+01
3.413875615823167919e+01 3.421887354551277127e+01 3.414914063281692336e+01 3.417895827962288990e+01 3.421369771944588223e+01 3.418742408139346622e+01 3.420755389079862141e+01 3.415093423109290427e+01 3.416640126899859808e+01 3.414100637963687035e+01 3.417861349662108239e+01 3.416299423183690465e+01 3.419869025353934688e+01 3.421015052091215836e+01 3.414835168062742810e+01 3.421611026076379858e+01 3.420029473421207911e+01 3.418823672711916828e+01 3.414434418383784475e+01 3.415556182004242913e+01 3.417314947130907399e+01 3.415693514846358170e+01 3.413624515815210003e+01 3.414352493848926429e+01 3.416116877470614810e+01 3.421485935440203718e+01 3.419090781896780840e+01 3.421687474427093889e+01 3.421457159945219217e+01 3.414418273217432187e+01
3.414313565271511663e+01 3.421403225689351046e+01 3.415238081775429890e+01 3.417882709294803334e+01 3.420947446048537444e+01 3.418629955022736766e+01 3.420406663672224568e+01 3.415396726428641472e+01 3.416770435314074916e+01 3.414514143604805696e+01 3.417851978141317204e+01 3.416467018197415229e+01 3.419625882171881415e+01 3.420634601755673998e+01 3.415167585865378896e+01 3.421159868044344421e+01 3.419767497672632572e+01 3.418701878498742275e+01 3.414810981062393580e+01 3.415807942194787472e+01 3.417368248185396595e+01 3.415932172726636651e+01 3.414089918813029101e+01 3.414737812811669215e+01 3.416306603256233387e+01 3.421049605134050609e+01 3.418938581588632530e+01 3.421227250507931217e+01 3.421024455905452299e+01 3.414795921153842073e+01
3.414703068982350942e+01 3.420976820472674262e+01 3.415524809937904394e+01 3.417869033311134785e+01 3.420574953853877531e+01 3.418529049613798065e+01 3.420098284124445343e+01 3.415665138039572213e+01 3.416884062526417409e+01 3.414881483534972517e+01 3.417841683334632563e+01 3.416614309123076509e+01 3.419409677909893475e+01 3.420298799601309980e+01 3.415461989876379789e+01 3.420762227381302267e+01 3.419534767575709822e+01 3.418592683663501930e+01 3.415145142692381341e+01 3.416030179082901697e+01 3.417413489090579759e+01 3.416141872976950111e+01 3.414504203261143545e+01 3.415079976475358592e+01 3.416473059290945713e+01 3.420664933431807242e+01 3.418802383782349352e+01 3.420821686063256806e+01 3.420642887972923774e+01 3.415131326829875746e+01
3.415049020798651469e+01 3.420600796158895918e+01 3.415778543498664277e+01 3.417855584362327193e+01 3.420246126966036826e+01 3.418438846094003480e+01 3.419825535495384372e+01 3.415902684909196552e+01 3.416983504245797576e+01 3.415207487935716557e+01 3.417831271966442586e+01 3.416743984638115705e+01 3.419217676226313074e+01 3.420002204552844915e+01 3.415722682012120970e+01 3.420411389825618897e+01 3.419328230186911100e+01 3.418495138121905796e+01 3.415441448747296960e+01 3.416226485960181947e+01 3.417452265212568818e+01 3.416326466383698346e+01 3.414872408582792218e+01 3.415383524265025983e+01 3.416619432723157956e+01 3.420325474933756738e+01 3.418680866748168512e+01 3.420463898635929922e+01 3.420306102407797511e+01 3.415428926189068193e+01
3.415355988252379404e+01 3.420268897580999834e+01 3.416003085437794340e+01 3.417842803235337357e+01 3.419955660258614216e+01 3.418358426472946121e+01 3.419584267442520797e+01 3.416112919198380382e+01 3.417070775564745588e+01 3.415496594584424628e+01 3.417821213622025311e+01 3.416858298935137128e+01 3.419047329276737202e+01 3.419740106056917739e+01 3.415953484694131248e+01 3.420101607540728139e+01 3.419145074919485694e+01 3.418408223634433085e+01 3.415704047853014202e+01 3.416399968067604220e+01 3.417485760427249630e+01 3.416489181250875617e+01 3.415199285246691829e+01 3.415652630288695235e+01 3.416748361846872939e+01 3.420025698725386576e+01 3.418572684771797299e+01 3.420148003712113649e+01 3.420008642186830627e+01 3.415692789121040818e+01
3.415628169051666418e+01 3.419975748555606287e+01 3.416201797036440979e+01 3.417830917671857804e+01 3.419698958074643258e+01 3.418286870365470520e+01 3.419370823651070879e+01 3.416298978671012776e+01 3.417147530093468788e+01 3.415752837505762329e+01 3.417811763468083797e+01 3.416959169414190001e+01 3.418896299071595024e+01 3.419508405493163394e+01 3.416157797601762525e+01 3.419827919306867159e+01 3.418982744288825870e+01 3.418330924426130224e+01 3.415936685980236120e+01 3.416553330836188707e+01 3.417514869652831067e+01 3.416632756994152231e+01 3.415489227501533520e+01 3.415891087124489189e+01 3.416862064318220860e+01 3.419760823155282736e+01 3.418476529444625811e+01 3.419868928950446474e+01 3.419745784351412965e+01 3.415926616774033420e+01
3.415869379191151722e+01 3.419716695723896294e+01 3.416377649715325759e+01 3.417820024048042171e+01 3.419472017137145059e+01 3.418223293034171206e+01 3.419181980381050323e+01 3.416463639316432221e+01 3.417215144088179812e+01 3.415979858176415718e+01 3.417803043206065894e+01 3.417048242672083802e+01 3.418762462445313588e+01 3.419303521641549537e+01 3.416338643346985293e+01 3.419586016494272229e+01 3.418838929242530611e+01 3.418262268292048844e+01 3.416142723699493899e+01 3.416688942330053180e+01 3.417540283988369509e+01 3.416759540826552666e+01 3.415746249048202543e+01 3.416102312117899231e+01 3.416962428155535036e+01 3.419526691099854077e+01 3.418391164576313201e+01 3.419622273741411789e+01 3.419513417876144246e+01 3.416133749780681939e+01
3.416083061089400985e+01 3.419487689109961082e+01 3.416533271929557003e+01 3.417810138873474557e+01 3.419271335794275757e+01 3.418166865202035609e+01 3.419014892856205989e+01 3.416609359126465506e+01 3.417274777524293228e+01 3.416180927204643325e+01 3.417795093326670042e+01 3.417126942290570213e+01 3.418643905560532659e+01 3.419122314855822964e+01 3.416498706549919007e+01 3.419372139940198707e+01 3.418711556310290689e+01 3.418201348005162998e+01 3.416325164111310642e+01 3.416808880888349620e+01 3.417562549338943256e+01 3.416871559458576968e+01 3.415973983851941398e+01 3.416289367625221018e+01 3.417051076633894269e+01 3.419319672783573338e+01 3.418315444535286929e+01 3.419404201050354430e+01 3.419307949403758329e+01 3.416317185986498828e+01
3.416272303413789757e+01 3.419285188927778307e+01 3.416670989864047669e+01 3.417801231566790676e+01 3.419093841957933932e+01 3.418116822327095861e+01 3.418867048779308249e+01 3.416738314940692334e+01 3.417327418895212787e+01 3.416358970897582736e+01 3.417787906251749774e+01 3.417196505433218334e+01 3.418538912246987138e+01 3.418962025656179549e+01 3.416640369040044334e+01 3.419182998340715329e+01 3.418598770804248943e+01 3.418147330485567892e+01 3.416486684161864673e+01 3.416914973845994297e+01 3.417582106369291495e+01 3.416970573457990668e+01 3.416175701460163339e+01 3.416454988065410703e+01 3.417129415635793066e+01 3.419136588259321741e+01 3.418248321789165800e+01 3.419211352491737443e+01 3.419126228342386042e+01 3.416479604502113432e+01
3.416439866891975896e+01 3.419106091410366588e+01 3.416792862593933222e+01 3.417793245379875344e+01 3.418936834473854702e+01 3.418072467602662101e+01 3.418736228138561728e+01 3.416852434324439969e+01 3.417373918273293043e+01 3.416516599876801052e+01 3.417781447120529492e+01 3.417258011792416283e+01 3.418445949206480350e+01 3.418820224250186612e+01 3.416765742194579758e+01 3.419015702250124633e+01 3.418498918461671110e+01 3.418099458812138636e+01 3.416629665833353613e+01 3.417008830115823059e+01 3.417599317668513237e+01 3.417058119341533029e+01 3.416354330250291582e+01 3.416601609177730836e+01 3.417198669332389471e+01 3.418974644471009583e+01 3.418188847495449068e+01 3.419040780261708079e+01 3.418965485882092992e+01 3.416623392787035840e+01
3.416588212458296425e+01 3.418947668611093604e+01 3.416900712754860336e+01 3.417786110655931964e+01 3.418797934446421749e+01 3.418033171148931615e+01 3.418620468370111354e+01 3.416953423727844097e+01 3.417415011969828953e+01 3.416656138033766155e+01 3.417775666737389173e+01 3.417312406864141394e+01 3.418363650064480197e+01 3.418694768331632616e+01 3.416876696573567074e+01 3.418867709800139210e+01 3.418410526889994827e+01 3.418057050243749728e+01 3.416756225775635158e+01 3.417091867979762299e+01 3.417614486387162032e+01 3.417135542848006224e+01 3.416512484450545628e+01 3.416731396980858193e+01 3.417259907951677889e+01 3.418831383387965417e+01 3.418136167866900621e+01 3.418889891486093546e+01 3.418823284433479870e+01 3.416750674282588562e+01
3.416719529542746159e+01 3.418807518655926003e+01 3.416996153566918082e+01 3.417779753071239668e+01 3.418675044214585768e+01 3.417998366938910948e+01 3.418518034008617690e+01 3.417042793579482662e+01 3.417451341262077591e+01 3.416779650689766612e+01 3.417770509575954208e+01 3.417360520868176366e+01 3.418290799455056828e+01 3.418583767268930274e+01 3.416974888803256505e+01 3.418736781429026195e+01 3.418332287601226227e+01 3.418019492118137492e+01 3.416868242872481432e+01 3.417165338903568994e+01 3.417627869268343943e+01 3.417204025769476061e+01 3.416652492313492218e+01 3.416846275244223108e+01 3.417314069977228286e+01 3.418704638671430018e+01 3.418089518205466959e+01 3.418756401918156484e+01 3.418697475134830199e+01 3.416863335075415620e+01
3.416835763269408233e+01 3.418683523994336326e+01 3.417080612781419546e+01 3.417774098600803967e+01 3.418566312391822493e+01 3.417967548479506235e+01 3.418427390113487974e+01 3.417121880663432876e+01 3.417483466948193183e+01 3.416888971225345273e+01 3.417765918654674095e+01 3.417403084304827132e+01 3.418226317792277769e+01 3.418485551369597175e+01 3.417061785728767376e+01 3.418620941658819845e+01 3.418263039084248334e+01 3.417986236711363546e+01 3.416967383589241081e+01 3.417230348010328811e+01 3.417639685986123510e+01 3.417264607988389002e+01 3.416776423839849741e+01 3.416947950978621407e+01 3.417361980266378652e+01 3.418592499012905961e+01 3.418048215849870530e+01 3.418638296863575476e+01 3.418586161752872954e+01 3.416963048820067428e+01
3.416938639924386933e+01 3.418573815925139314e+01 3.417155353935680040e+01 3.417769076370423420e+01 3.418470103820848749e+01 3.417940263926122668e+01 3.418347178914888929e+01 3.417191868024742973e+01 3.417511880938358360e+01 3.416985725762010162e+01 3.417761838421597531e+01 3.417440740912697095e+01 3.418169247054733972e+01 3.418398645290460536e+01 3.417138685972348355e+01 3.418518446477748540e+01 3.418201751147573475e+01 3.417956795693517336e+01 3.417055125081456168e+01 3.417287871757661577e+01 3.417650126013849388e+01 3.417318205869472791e+01 3.416886117128442635e+01 3.417037937785435275e+01 3.417404365078040485e+01 3.418493276783006962e+01 3.418011652804460709e+01 3.418533797835108601e+01 3.418487669737638157e+01 3.417051299614339399e+01
3.417029690406041453e+01 3.418476744160523850e+01 3.417221495209160054e+01 3.417764620169187850e+01 3.418384973577434494e+01 3.417916111065170526e+01 3.418276199242791336e+01 3.417253802630635562e+01 3.417537015692188618e+01 3.417071355718712056e+01 3.417758216371023394e+01 3.417474058604192777e+01 3.418118737721712819e+01 3.418321744905540527e+01 3.417206739107421498e+01 3.418427755259445888e+01 3.418147510622847562e+01 3.417930734560363248e+01 3.417132776111030523e+01 3.417338773279143993e+01 3.417659353802990552e+01 3.417365627815349427e+01 3.416983202871506364e+01 3.417117577058666456e+01 3.417441864701696375e+01 3.418405480990935530e+01 3.417979288494016998e+01 3.418441333850219621e+01 3.418400519495535406e+01 3.417129402771017510e+01
3.417110271575561598e+01 3.418390850516734503e+01 3.417280026134191218e+01 3.417760669130277051e+01 3.418309644355078802e+01 3.417894732425980919e+01 3.418213388383819051e+01 3.417308611014906461e+01 3.417559252045005991e+01 3.417147138227987568e+01 3.417755003858201945e+01 3.417503538802392882e+01 3.418074036893470691e+01 3.418253697099380872e+01 3.417266962683420672e+01 3.418347506419630122e+01 3.418099508428140609e+01 3.417907667266466376e+01 3.417201495865173655e+01 3.417383815764695498e+01 3.417667512779396333e+01 3.417407587564655103e+01 3.417069126794650913e+01 3.417188057111980726e+01 3.417475044188345379e+01 3.418327793809050519e+01 3.417950642886177093e+01 3.418359516559523570e+01 3.418323403165459240e+01 3.417198523550533196e+01
3.417181585543807643e+01 3.418314846040675548e+01 3.417331822393182961e+01 3.417757167907471683e+01 3.418242986706124498e+01 3.417875810667039360e+01 3.418157806066613347e+01 3.417357113126018930e+01 3.417578925793300471e+01 3.417214204494345609e+01 3.417752156415447473e+01 3.417529624487437445e+01 3.418034477568273388e+01 3.418193482060328137e+01 3.417320257330447930e+01 3.418276496201398373e+01 3.418057027935282122e+01 3.417887251186893138e+01 3.417262310809495318e+01 3.417423674178241555e+01 3.417674728494145597e+01 3.417444715655752674e+01 3.417145170010618926e+01 3.417250430346792456e+01 3.417504402553652909e+01 3.418259050093003282e+01 3.417925290101386082e+01 3.418287118582949091e+01 3.418255164343977981e+01 3.417259693973748824e+01
