4.100000000000000000e+01 3.000000000000000000e+01 4.100000000000000000e+01 3.600000000000000000e+01 4.300000000000000000e+01 2.300000000000000000e+01 3.800000000000000000e+01 4.100000000000000000e+01 3.000000000000000000e+01 3.300000000000000000e+01 3.100000000000000000e+01 3.500000000000000000e+01 3.600000000000000000e+01 4.100000000000000000e+01 3.400000000000000000e+01 3.800000000000000000e+01 3.600000000000000000e+01 3.800000000000000000e+01 4.800000000000000000e+01 2.800000000000000000e+01 3.200000000000000000e+01 2.500000000000000000e+01 3.000000000000000000e+01 3.000000000000000000e+01 1.800000000000000000e+01 2.400000000000000000e+01 3.500000000000000000e+01 3.400000000000000000e+01 4.300000000000000000e+01 3.800000000000000000e+01
3.487899314055539435e+01 3.756145352456223918e+01 3.336872486240463331e+01 3.267992959292314481e+01 3.182591309491544962e+01 3.491982816418021685e+01 3.799980082054389641e+01 3.522554908448364586e+01 3.065819449168338906e+01 3.619352046246058308e+01 3.029252888378687203e+01 3.459882446190749761e+01 3.433508193562738597e+01 3.638041834998875856e+01 3.456204970000544563e+01 3.642647128656972200e+01 3.580217039637500420e+01 2.916184222410083748e+01 3.422114335920196027e+01 3.432817518524825573e+01 3.202430301578715444e+01 2.956775107391877100e+01 3.670598722621798515e+01 3.322894658520817757e+01 3.173609546988154761e+01 4.023322849253599998e+01 3.342570856123347767e+01 3.538179389487777371e+01 3.264350424846634269e+01 3.714088724520115647e+01
3.525813815210261737e+01 3.449391680350819200e+01 3.417511165852830857e+01 3.241628001754006760e+01 3.687759780459143855e+01 3.302631939115911308e+01 3.357395514969586259e+01 3.533537704907438126e+01 3.223416152201323825e+01 3.552808620695499542e+01 3.365015439387548923e+01 3.279815371616201958e+01 3.476661279669199445e+01 3.494907556913023683e+01 3.327619810713713377e+01 3.546612348848372420e+01 3.422010818108866204e+01 3.453420631582861233e+01 3.478480360388979165e+01 3.260683100224706976e+01 3.291097512630540223e+01 3.156392823070399700e+01 3.511743552249942013e+01 3.494542734364927128e+01 3.321155878320563914e+01 3.496012768354707134e+01 3.407792419000571016e+01 3.564867728425001303e+01 3.640749300829229895e+01 3.456856370179610849e+01
3.481380323871313465e+01 3.573568602270244554e+01 3.362935261194549952e+01 3.322341854633781821e+01 3.476364973444299977e+01 3.408141326357545609e+01 3.527588943408982658e+01 3.395233790147689490e+01 3.339557816286454539e+01 3.463668060008414784e+01 3.301294482485554482e+01 3.383864304273554069e+01 3.418546652181420598e+01 3.515305841869880510e+01 3.406491342932488209e+01 3.527896275832051742e+01 3.444464173897098647e+01 3.340406082637397134e+01 3.452428553145934131e+01 3.364839077105886389e+01 3.323306071403176531e+01 3.262347036965701363e+01 3.499441871074657229e+01 3.469230048695909829e+01 3.278347734294040094e+01 3.543947496065559477e+01 3.400349004141959597e+01 3.528424745053889211e+01 3.487257071910583051e+01 3.463414359393449615e+01
3.460598265325178602e+01 3.511537623003157194e+01 3.398461118963287220e+01 3.358953899875772464e+01 3.514448507059623239e+01 3.387471702688723241e+01 3.457912390387944868e+01 3.432809800017998469e+01 3.336280992700802983e+01 3.460362997386406647e+01 3.380992935451645565e+01 3.368215889851734346e+01 3.434824697382438785e+01 3.483888983610096801e+01 3.420985806763073356e+01 3.511030304984047490e+01 3.427265329005741279e+01 3.413619930427093152e+01 3.426390291129403920e+01 3.379097281920225271e+01 3.359965458455896226e+01 3.322271359994913098e+01 3.473950661067402734e+01 3.427698077472935978e+01 3.371054091655901885e+01 3.500013025599268701e+01 3.403471093143052428e+01 3.523844784884184378e+01 3.514976648864782049e+01 3.436055525896278340e+01
3.447380675671189465e+01 3.509853449084975807e+01 3.404619693188485030e+01 3.377224264489874628e+01 3.486871078069189167e+01 3.412044970968048574e+01 3.465441739943124588e+01 3.408239943091300006e+01 3.384255635495723169e+01 3.433782166618028953e+01 3.381146078738765226e+01 3.396327362759664936e+01 3.429793270211122547e+01 3.481020801089255201e+01 3.404834268610928660e+01 3.498117126854481285e+01 3.433389818188251041e+01 3.398234329976280321e+01 3.434505927180460105e+01 3.389135629492550805e+01 3.385814582361429359e+01 3.359628669996225625e+01 3.452306580121938140e+01 3.437034753148591193e+01 3.366330320461621284e+01 3.490653325813518393e+01 3.419937234430413753e+01 3.504755290517192634e+01 3.490794096623049825e+01 3.430478105369556374e+01
3.436970684523149799e+01 3.493591002812765112e+01 3.407293440355692127e+01 3.398983036960566295e+01 3.480779712191787212e+01 3.417718848342574489e+01 3.460081177644168093e+01 3.418640742827983559e+01 3.389604782632027735e+01 3.432050091980261186e+01 3.402683648559889917e+01 3.404679583354090511e+01 3.434942808724242269e+01 3.472936827556129913e+01 3.419183026325460162e+01 3.486694826789106827e+01 3.435062289071088770e+01 3.418773442339802671e+01 3.421181012581383385e+01 3.405625542731775113e+01 3.396203526831352804e+01 3.381486590627779520e+01 3.442201706962966057e+01 3.423322308100527067e+01 3.394981179708188535e+01 3.480969980724319157e+01 3.420744171468434303e+01 3.493985021087338794e+01 3.482994200006690733e+01 3.428091029643986332e+01
3.430460255755420462e+01 3.484117748651957669e+01 3.414798123481901371e+01 3.407428029466116470e+01 3.473203477035487907e+01 3.423888896653309644e+01 3.456841328264702895e+01 3.418193764265096490e+01 3.406047949491755844e+01 3.426651637177293708e+01 3.411262235431595968e+01 3.411127779115471270e+01 3.437330104585306856e+01 3.466949340375248312e+01 3.414740995995705219e+01 3.478839797009870694e+01 3.437656131253451974e+01 3.422448477339203521e+01 3.424449401532451986e+01 3.408107046811949914e+01 3.410132265849234301e+01 3.396092179373691522e+01 3.433277876811134632e+01 3.424709410001045740e+01 3.402503930404166255e+01 3.473911412516171282e+01 3.429287916399164260e+01 3.483341086509081919e+01 3.475455499220538513e+01 3.423166362997208267e+01
3.426880876834882628e+01 3.476172801390835332e+01 3.415853132002157366e+01 3.417265995274528478e+01 3.467670730739844487e+01 3.429199123558147733e+01 3.455052607710855028e+01 3.419073119569935670e+01 3.412777431374531290e+01 3.423781167398340131e+01 3.418385879733680355e+01 3.417951168716781041e+01 3.439336226850954858e+01 3.463199809597951884e+01 3.418983146805890527e+01 3.471610392934977796e+01 3.439995257877612289e+01 3.427664540744488875e+01 3.421761375626016388e+01 3.415597629769448673e+01 3.416199185141849171e+01 3.405846363059328041e+01 3.428432447045440057e+01 3.422778605872176172e+01 3.410930201663302341e+01 3.467780589865098051e+01 3.432034694203399994e+01 3.475875802103720247e+01 3.469137931503566108e+01 3.423864102219931027e+01
3.424315686243964052e+01 3.469942794970826583e+01 3.419448250648683540e+01 3.422610059743426092e+01 3.463043154511534993e+01 3.431841215664730527e+01 3.453231063857697336e+01 3.421577802391037437e+01 3.418652909480371704e+01 3.423504493740460930e+01 3.424011967630468689e+01 3.420906209547273136e+01 3.441012161806058600e+01 3.459248594748467553e+01 3.419847826343622188e+01 3.466600925817806456e+01 3.441338433576162004e+01 3.431653072029177309e+01 3.422042797230422195e+01 3.418331960052263696e+01 3.422109740068955119e+01 3.412604708596720826e+01 3.425530553883561424e+01 3.422140196266858680e+01 3.417049999423171869e+01 3.463683791812978541e+01 3.434940627382176359e+01 3.469567988828505634e+01 3.464444746642963224e+01 3.422478663123538212e+01
3.423347280924173219e+01 3.464969201791519282e+01 3.421042207444607186e+01 3.426801958298218409e+01 3.459635335690398250e+01 3.434309435797418075e+01 3.451456387370420487e+01 3.422075100332092745e+01 3.423044417384514304e+01 3.422464707414210494e+01 3.427321490922033576e+01 3.424260154874271933e+01 3.441837072929961749e+01 3.456554089657678475e+01 3.421079795992912409e+01 3.462198016273580237e+01 3.442329842210357782e+01 3.433596388807873723e+01 3.422441650446637595e+01 3.421366552949737638e+01 3.425873768978834732e+01 3.417477690509102217e+01 3.423730351010517836e+01 3.422736682362531013e+01 3.420618397008114187e+01 3.459723162063954049e+01 3.436936809087107747e+01 3.464761350997989808e+01 3.460643672319322661e+01 3.423010758011380972e+01
3.422833067301476717e+01 3.461068386368739880e+01 3.422784999814551554e+01 3.429791480076229959e+01 3.456556742015914807e+01 3.435703297444109694e+01 3.450204586657936545e+01 3.423697292408952819e+01 3.425778461646804374e+01 3.422928373569375537e+01 3.430069830753389226e+01 3.426240540185155936e+01 3.442382105757278765e+01 3.454090294443904696e+01 3.422572852274874577e+01 3.458827412078750996e+01 3.442812823251323096e+01 3.435500505646067637e+01 3.422729227230627203e+01 3.423555676604990339e+01 3.428517090376715970e+01 3.420993942243868702e+01 3.423098503264658632e+01 3.422796572664330483e+01 3.423935364271464721e+01 3.456924497064922974e+01 3.437955488093007261e+01 3.460823882082603831e+01 3.457455020678155222e+01 3.423278579802099131e+01
3.422934880028475391e+01 3.457820739543848276e+01 3.424205497656002706e+01 3.431739744131768788e+01 3.454217573926002416e+01 3.436675032793222329e+01 3.448808756682719689e+01 3.424587945727064664e+01 3.428098843460004730e+01 3.423157347085724211e+01 3.431829273701534788e+01 3.427888649682914490e+01 3.442552623736244755e+01 3.452079350973636451e+01 3.423488819862101451e+01 3.455999058155512671e+01 3.442973235827712131e+01 3.436459985243072879e+01 3.423562522311164713e+01 3.425147302998225740e+01 3.430551378311964328e+01 3.423632116576911244e+01 3.422886466735801037e+01 3.423597268024444418e+01 3.426008553427311654e+01 3.454378829776126736e+01 3.438808839042504673e+01 3.457658352155285542e+01 3.454940335815864216e+01 3.423860032503505835e+01
3.423295786763181781e+01 3.455207736817206410e+01 3.425346176692467282e+01 3.433218123966882729e+01 3.452134872601794768e+01 3.437304002467544706e+01 3.447714035200759497e+01 3.425616168291166730e+01 3.429626854472225972e+01 3.423787292498707302e+01 3.433111134760689964e+01 3.429159504467095587e+01 3.442506328550361872e+01 3.450371985770909333e+01 3.424642958576070839e+01 3.453664303287111181e+01 3.442923718232132302e+01 3.437172117258499071e+01 3.424208967016480898e+01 3.426581744059211587e+01 3.431882883769769421e+01 3.425623492855566354e+01 3.423149684114827807e+01 3.424209699623266800e+01 3.427736768403418921e+01 3.452340050385119952e+01 3.439153258433893257e+01 3.455044176891945540e+01 3.452755237622131546e+01 3.424565929137785503e+01
3.423853484557544391e+01 3.452994414462380490e+01 3.426414364137508528e+01 3.434175609624420389e+01 3.450417708757466073e+01 3.437641703005409965e+01 3.446640571133840325e+01 3.426509007697415399e+01 3.430833893274426316e+01 3.424461046925621588e+01 3.434016394677699680e+01 3.430106469265291480e+01 3.442320370054618195e+01 3.448878407556056658e+01 3.425542021390919700e+01 3.451703574702541744e+01 3.442703826727714755e+01 3.437585236004201761e+01 3.425020512465709288e+01 3.427646046372629485e+01 3.432910157571380694e+01 3.427164240953707974e+01 3.423616554610089935e+01 3.424981909971413074e+01 3.429020052378950112e+01 3.450577686314264270e+01 3.439356391169113891e+01 3.452862607196891531e+01 3.450948990975562225e+01 3.425262211037671278e+01
3.424521592428216366e+01 3.451137835911566754e+01 3.427298923548902110e+01 3.434864414710940395e+01 3.448920678693890096e+01 3.437839368138633489e+01 3.445694689992721749e+01 3.427304629880141107e+01 3.431724582500477538e+01 3.425178914815274567e+01 3.434628815517218214e+01 3.430897949872831276e+01 3.442029033753100009e+01 3.447595290799336709e+01 3.426431974317839746e+01 3.450024439297251888e+01 3.442398079449748138e+01 3.437793612376572838e+01 3.425782016078447612e+01 3.428587171557032320e+01 3.433617641916895735e+01 3.428376034900980329e+01 3.424234897175781356e+01 3.425738088303672413e+01 3.430012821728918482e+01 3.449062383620164951e+01 3.439379781894229637e+01 3.451018637052364824e+01 3.449379478861612824e+01 3.426013815373688942e+01
3.425235338614223934e+01 3.449543084956554395e+01 3.428106761917992884e+01 3.435325413262569327e+01 3.447621114093158923e+01 3.437901810419923265e+01 3.444828000563223469e+01 3.428057386280995900e+01 3.432399289016207433e+01 3.425927822228238995e+01 3.435069268997687431e+01 3.431512483407107084e+01 3.441689243716999158e+01 3.446457390746509475e+01 3.427233744053404507e+01 3.448581375891488676e+01 3.442030363493840639e+01 3.437895275190388844e+01 3.426535258927990668e+01 3.429359778035851036e+01 3.434139376380512942e+01 3.429345390333426735e+01 3.424929812229456161e+01 3.426476838597946539e+01 3.430816533915451316e+01 3.447751070954633690e+01 3.439305791217861952e+01 3.449437964844338467e+01 3.448024088869169645e+01 3.426729700924416733e+01
3.425968152561441116e+01 3.448162906208810341e+01 3.428816414037664373e+01 3.435635459933962466e+01 3.446482442414590253e+01 3.437894912864978636e+01 3.444036074058647046e+01 3.428724220061881311e+01 3.432928851596033581e+01 3.426650520131997979e+01 3.435364054006106471e+01 3.432027901111091950e+01 3.441317908522329816e+01 3.445454404585099439e+01 3.427966014132732653e+01 3.447321114782151597e+01 3.441636494316897199e+01 3.437896320772653525e+01 3.427260590699746245e+01 3.430026045292921566e+01 3.434518278041149841e+01 3.430135527308754462e+01 3.425652440252230946e+01 3.427200321717646148e+01 3.431449643392786442e+01 3.446594478631456582e+01 3.439173316377726053e+01 3.448069721170274704e+01 3.446836991903412439e+01 3.427430242007491046e+01
3.426689784529825289e+01 3.446956888293166088e+01 3.429453426689745754e+01 3.435842132559039186e+01 3.445472418821615435e+01 3.437835462785164253e+01 3.443317839630844190e+01 3.429343165694689333e+01 3.433338179712203697e+01 3.427356610086780364e+01 3.435569320826840567e+01 3.432453481082177404e+01 3.440938868048930033e+01 3.444559520788870088e+01 3.428643616729695509e+01 3.446214225828123290e+01 3.441233647292267506e+01 3.437849670078156805e+01 3.427941317533221621e+01 3.430604332213999186e+01 3.434793554183806918e+01 3.430789232021361812e+01 3.426379229966424589e+01 3.427879242503297519e+01 3.431976040345140433e+01 3.445575211173836294e+01 3.438998085321459541e+01 3.446872905500223538e+01 3.445787739694231533e+01 3.428093452042431011e+01
3.427388060010461857e+01 3.445892859252728613e+01 3.430026943835009234e+01 3.435972588417939022e+01 3.444575024491206250e+01 3.437745198266639335e+01 3.442660289629469617e+01 3.429903688301328657e+01 3.433668176631158531e+01 3.428024374779698036e+01 3.435706546499132230e+01 3.432813633426511046e+01 3.440563111548971875e+01 3.443758232099709460e+01 3.429258934184044705e+01 3.445233709879448725e+01 3.440835052446322351e+01 3.437765031020867212e+01 3.428584108751295645e+01 3.431107665401354723e+01 3.434998793531398320e+01 3.431338834010831107e+01 3.427086986283156023e+01 3.428522821096242978e+01 3.432410108979227203e+01 3.444666450152351445e+01 3.438805952335115990e+01 3.445817668580480841e+01 3.444856533033600954e+01 3.428717488427233206e+01
3.428052743127086899e+01 3.444948798399968837e+01 3.430542991514119677e+01 3.436053518602527390e+01 3.443771037013503644e+01 3.437637719822014049e+01 3.442061838789397399e+01 3.430416336288970314e+01 3.433934097674444530e+01 3.428654130604765271e+01 3.435797503146373089e+01 3.433122612644909566e+01 3.440199012446767313e+01 3.443038160673538783e+01 3.429824854421674729e+01 3.444359869742729074e+01 3.440449596115241349e+01 3.437660746444962712e+01 3.429180875166836984e+01 3.431553544034319003e+01 3.435150429713807796e+01 3.431807070466317100e+01 3.427766065454181899e+01 3.429121891715593762e+01 3.432777450319568402e+01 3.443853899180124500e+01 3.438604077014592519e+01 3.444880797238312908e+01 3.444023627744783767e+01 3.429301230611797280e+01
3.428678903157432245e+01 3.444105660426090054e+01 3.431010593889070037e+01 3.436098660244012137e+01 3.443048844727193369e+01 3.437520958025088191e+01 3.441515287242994958e+01 3.430884397962600474e+01 3.434153534180086353e+01 3.429242497220687369e+01 3.435856401449270692e+01 3.433389552699073022e+01 3.439851864793279645e+01 3.442388320261637347e+01 3.430341252123336915e+01 3.443577422899241469e+01 3.440082013457437426e+01 3.437546015071372096e+01 3.429735238037012834e+01 3.431948530451072088e+01 3.435265298679874491e+01 3.432210912016497417e+01 3.428408729138902089e+01 3.429678939265423310e+01 3.433091432335523763e+01 3.443123806829618871e+01 3.438402567587439762e+01 3.444044202741609695e+01 3.443276351994884266e+01 3.429842838749923573e+01
3.429264377669626640e+01 3.443349471178875376e+01 3.431433894944853336e+01 3.436120219978174362e+01 3.442397584571483549e+01 3.437401794586000392e+01 3.441016662471781729e+01 3.431311233849396558e+01 3.434336993520086168e+01 3.429788927882134431e+01 3.435892591915163052e+01 3.433623468397129130e+01 3.439524244655311946e+01 3.441800807325487455e+01 3.430813729886824603e+01 3.442873734223499582e+01 3.439735505204961896e+01 3.437427026999668556e+01 3.430247225399908473e+01 3.432301801060658164e+01 3.435352725387739525e+01 3.432562893842052887e+01 3.429011655475385112e+01 3.430194305449985137e+01 3.433362741156690134e+01 3.442465475412165432e+01 3.438205935747234321e+01 3.443293758380617220e+01 3.442603044176131277e+01 3.430344350669996345e+01
3.429808551056817123e+01 3.442668624945785183e+01 3.431818337338874159e+01 3.436125785266229116e+01 3.441808728411941587e+01 3.437283742108564866e+01 3.440561627787920429e+01 3.431701202916771365e+01 3.434492412938175221e+01 3.430294797872559087e+01 3.435913556825579462e+01 3.433829553573952609e+01 3.439217694470006137e+01 3.441268285201825705e+01 3.431245584701763107e+01 3.442238968566702084e+01 3.439411305346720127e+01 3.437308755679741523e+01 3.430718958292398924e+01 3.432618691365735231e+01 3.435420402691359953e+01 3.432872400150921521e+01 3.429573625875212173e+01 3.430669457475512019e+01 3.433599999579293893e+01 3.441870447643714925e+01 3.438017439813047105e+01 3.442618036118142300e+01 3.441994754926199107e+01 3.430806732167128814e+01
3.430312289829949890e+01 3.442053781431786064e+01 3.432167714871174979e+01 3.436120852421042571e+01 3.441275246048733294e+01 3.437169549560196913e+01 3.440146245441155770e+01 3.432057012425394049e+01 3.434625957701244658e+01 3.430761280790068213e+01 3.435923927436686398e+01 3.434012653267815551e+01 3.438932475763137830e+01 3.440784932215379399e+01 3.431640107951347574e+01 3.441664822385230593e+01 3.439109785712275880e+01 3.437193644365078882e+01 3.431152793337989237e+01 3.432904097646957098e+01 3.435473593119995428e+01 3.433146605410347263e+01 3.430094773141728837e+01 3.431106803913625214e+01 3.433808895451316090e+01 3.441331313924769830e+01 3.437839105284885477e+01 3.442007805411777355e+01 3.441443962748213892e+01 3.431232264418480327e+01
3.430777054678434723e+01 3.441497247294680051e+01 3.432485576304423347e+01 3.436109316257726221e+01 3.440791044182017089e+01 3.437060709690507565e+01 3.439767134835521745e+01 3.432381917913374991e+01 3.434741820214784269e+01 3.431190629210654919e+01 3.435927275991443253e+01 3.434176168328862389e+01 3.438668310495208402e+01 3.440345618022716678e+01 3.432000632497121728e+01 3.441144471060485444e+01 3.438830577476058181e+01 3.437083647668589492e+01 3.431550980964847497e+01 3.433161944673803134e+01 3.435516006434403380e+01 3.433391017634072284e+01 3.430576349773859590e+01 3.431508420256260905e+01 3.433994329201935614e+01 3.440842088756269135e+01 3.437671757943294182e+01 3.441455407254230892e+01 3.440944294444778961e+01 3.431623121900732798e+01
3.431204836593293805e+01 3.440992525213638942e+01 3.432775016073286878e+01 3.436093750201388275e+01 3.440351040526378057e+01 3.436958089651224668e+01 3.439421043019364532e+01 3.432678510958017171e+01 3.434843387735124054e+01 3.431584995104815050e+01 3.435925970930653506e+01 3.434322872709831387e+01 3.438424458573160081e+01 3.439945929280988679e+01 3.432329911663835276e+01 3.440672110080996049e+01 3.438572875953877883e+01 3.436979692483983229e+01 3.431916100638411393e+01 3.433395367509982776e+01 3.435550425587301504e+01 3.433609966005226255e+01 3.431020085970781253e+01 3.431876835638803414e+01 3.434159809473950986e+01 3.440397519587955344e+01 3.437515826464996849e+01 3.440954428896264261e+01 3.440490397202490414e+01 3.431981629018726210e+01
3.431597843705286977e+01 3.440534129786945527e+01 3.433038702267506892e+01 3.436076003106590804e+01 3.439950765824983137e+01 3.436862108726747778e+01 3.439105115313081740e+01 3.432949285844269127e+01 3.434933100669468331e+01 3.431946750248152966e+01 3.435921689300026571e+01 3.434454999161303590e+01 3.438199927474860829e+01 3.439582017214354437e+01 3.432630687757352206e+01 3.440242768508127824e+01 3.438335627044806131e+01 3.436882293031104751e+01 3.432250524537964509e+01 3.433607114266816751e+01 3.435578770416650229e+01 3.433806890552803281e+01 3.431428102822067672e+01 3.432214392656327107e+01 3.434308207976563665e+01 3.439993120674542126e+01 3.437371203937806996e+01 3.440499417286201833e+01 3.440077601198098733e+01 3.432310137208360601e+01
3.431958387785571318e+01 3.440117320528003120e+01 3.433279061962169720e+01 3.436057282098383325e+01 3.439586347747549411e+01 3.436772845772645013e+01 3.438816700820876804e+01 3.433196498987750545e+01 3.435012879351864257e+01 3.432278237847357616e+01 3.435915598337535926e+01 3.434574330035815848e+01 3.437993591897883761e+01 3.439250469428279899e+01 3.432905375123188207e+01 3.439852145735189737e+01 3.438117620908409577e+01 3.436791609317268836e+01 3.432556629132221815e+01 3.433799448074532989e+01 3.435602481921884532e+01 3.433984575633142811e+01 3.431802663241383300e+01 3.432523437401787447e+01 3.434441795180001833e+01 3.439624961898285704e+01 3.437237574443395971e+01 3.440085677833385347e+01 3.439701867829527515e+01 3.432610894021944858e+01
3.432288791199313494e+01 3.439737983732418058e+01 3.433498227555721627e+01 3.436038410520350084e+01 3.439254364599771918e+01 3.436690198692839004e+01 3.438553399792597531e+01 3.433422191937943779e+01 3.435084210080609779e+01 3.432581733478589570e+01 3.435908485450707417e+01 3.434682367513315882e+01 3.437804256594942132e+01 3.438948268878650083e+01 3.433156226567621871e+01 3.439496472527883952e+01 3.437917592729079530e+01 3.436707562520475534e+01 3.432836648307902294e+01 3.433974355855396254e+01 3.435622590678129029e+01 3.434145310171427923e+01 3.432146082474004345e+01 3.432806202894867198e+01 3.434562407804924788e+01 3.439289579206328540e+01 3.437114443858184387e+01 3.439709128686343576e+01 3.439359635085498468e+01 3.432886080757999281e+01
3.432591317145378440e+01 3.439392506096015723e+01 3.433698129249810194e+01 3.436019920127226612e+01 3.438951780453229645e+01 3.436613924419457078e+01 3.438313021967243088e+01 3.433628247997152982e+01 3.435148264446266353e+01 3.432859430791219779e+01 3.435900895972079638e+01 3.434780355570634924e+01 3.437630720987736765e+01 3.438672713912711743e+01 3.433385298870706492e+01 3.439172427775923069e+01 3.437734265898583175e+01 3.436629945680916620e+01 3.433092691378852379e+01 3.434133553828169738e+01 3.435639859714642341e+01 3.434291003930031394e+01 3.432460649500396954e+01 3.433064794420378973e+01 3.434671574649818382e+01 3.438983905706977851e+01 3.437001225712599961e+01 3.439366185361277672e+01 3.439047751639209594e+01 3.433137744762510835e+01
3.432868138848657935e+01 3.439077691596465058e+01 3.433880499709034950e+01 3.436002144568505656e+01 3.438675887955229626e+01 3.436543707809479997e+01 3.438093566906260889e+01 3.433816372273189188e+01 3.435205990288572764e+01 3.433113394611259395e+01 3.435893189098766953e+01 3.434869359774558717e+01 3.437471806065618551e+01 3.438421383554179300e+01 3.433594471512461155e+01 3.438877059538276626e+01 3.437566391911946795e+01 3.436558453880490305e+01 3.433326734003547642e+01 3.434278552201432433e+01 3.435654854908128186e+01 3.434423273993908765e+01 3.432748574691903798e+01 3.433301193941024820e+01 3.434770566196863939e+01 3.438705200370780091e+01 3.436897292620037092e+01 3.439053677456443125e+01 3.438763409823392436e+01 3.433367811658897750e+01
3.433121312921822721e+01 3.438790695862893187e+01 3.434046904755324192e+01 3.435985283207801899e+01 3.438424257164070497e+01 3.436479190422976870e+01 3.437893212368524587e+01 3.433988127999009521e+01 3.435258157253305455e+01 3.433345566998389131e+01 3.435885602464917099e+01 3.434950295419762512e+01 3.437326378972064589e+01 3.438192096876102255e+01 3.433785469123257883e+01 3.438607731637641507e+01 3.437412771205504214e+01 3.436492738401550184e+01 3.433540608556335627e+01 3.434410689256627336e+01 3.435667998272420931e+01 3.434543506519671752e+01 3.433011964989142939e+01 3.433517241481115434e+01 3.434860466904358134e+01 3.438451008299243483e+01 3.436802000389488398e+01 3.438768782176747862e+01 3.438504094032516889e+01 3.433578073734174296e+01
3.433352769814243999e+01 3.438528973001520939e+01 3.434198762876273037e+01 3.435969440406489639e+01 3.438194702048767937e+01 3.436419995713380615e+01 3.437710293725515953e+01 3.434144939437459243e+01 3.435305406191600497e+01 3.433557755027625547e+01 3.435878286061683440e+01 3.435023959176264441e+01 3.437193364771293602e+01 3.437982884004176043e+01 3.433959865300628422e+01 3.438362078400307809e+01 3.437272266201362214e+01 3.436432425763635479e+01 3.433736014149632609e+01 3.434531155200499342e+01 3.435679611104111331e+01 3.434652903484712283e+01 3.433252804768577704e+01 3.433714645906533036e+01 3.434942206875185633e+01 3.438219119012322977e+01 3.436714714855530417e+01 3.438508973356626086e+01 3.438267543153130390e+01 3.433770192319845194e+01
3.433564308968567502e+01 3.438290235573398945e+01 3.434337359756238328e+01 3.435954658603080247e+01 3.437985248231076696e+01 3.436365745473271005e+01 3.437543292751225010e+01 3.434288107258966960e+01 3.435348275521554484e+01 3.433751634895971705e+01 3.435871330002417068e+01 3.435091051238415361e+01 3.437071753243446182e+01 3.437791961875218050e+01 3.434119100463529861e+01 3.438137969107618375e+01 3.437143808577685888e+01 3.436377137584938879e+01 3.433914517080112461e+01 3.434641017003279018e+01 3.435689939222987022e+01 3.434752517135714811e+01 3.433472949853636891e+01 3.433894984452242483e+01 3.435016595181265586e+01 3.438007537278539871e+01 3.436634821978562115e+01 3.438271980759988367e+01 3.438051716815267156e+01 3.433945702728946969e+01
3.433757599455432796e+01 3.438072420885650615e+01 3.434463863862666244e+01 3.435940937980451082e+01 3.437794108961070094e+01 3.436316069361793524e+01 3.437390823432120612e+01 3.434418819006343426e+01 3.435387224772742343e+01 3.433928755242224895e+01 3.435864783623319596e+01 3.435152190771160718e+01 3.436960601833884965e+01 3.437617713060758717e+01 3.434264490257624658e+01 3.437933479223414679e+01 3.437026401650859242e+01 3.436326501822536983e+01 3.434077559619331765e+01 3.434741233193069121e+01 3.435699174565186098e+01 3.434843276215815422e+01 3.433674125465613258e+01 3.434059710379991515e+01 3.435084341658902929e+01 3.437814457485342245e+01 3.436561737312093356e+01 3.438055757226247522e+01 3.437854769803342947e+01 3.434106018884228462e+01
3.433934183783755145e+01 3.437873664113929095e+01 3.434579337453068604e+01 3.435928251835058944e+01 3.437619663992190056e+01 3.436270611976847533e+01 3.437251620730356194e+01 3.434538158472916791e+01 3.435422650636002118e+01 3.434090542669647306e+01 3.435858668268244287e+01 3.435207929485751777e+01 3.436859035502605764e+01 3.437458668581881938e+01 3.434397236974960066e+01 3.437746866240162547e+01 3.436919120501266178e+01 3.436280159625929542e+01 3.434226466710634895e+01 3.434832668629715613e+01 3.435707468875867221e+01 3.434926006040228685e+01 3.433857928646054347e+01 3.434210159749603264e+01 3.435146073721530513e+01 3.437638242372334219e+01 3.436494910120182311e+01 3.437858451848418184e+01 3.437675029691525452e+01 3.434252440947837215e+01
3.434095483379141456e+01 3.437692275669675723e+01 3.434684747483271394e+01 3.435916556647899966e+01 3.437460441858198124e+01 3.436229036358229649e+01 3.437124529930524375e+01 3.434647115314043475e+01 3.435454898975487481e+01 3.434238308982193644e+01 3.435852986904221495e+01 3.435258761107795067e+01 3.436766245170183254e+01 3.437313492588757668e+01 3.434518438994347633e+01 3.437576549673072890e+01 3.436821110023225856e+01 3.436237770114247070e+01 3.434362453848710572e+01 3.434916105385887874e+01 3.435714944176126551e+01 3.435001444079917121e+01 3.434025833063348898e+01 3.434347558753326979e+01 3.435202349881438977e+01 3.437477405237974892e+01 3.436433825410368570e+01 3.437678387579335748e+01 3.437510978288666053e+01 3.434386162209683135e+01
3.434242805351654226e+01 3.437526722158639814e+01 3.434780974634190898e+01 3.435905799106126324e+01 3.437315104705192681e+01 3.436191026114918401e+01 3.437008496896680043e+01 3.434746592902108375e+01 3.435484274159743734e+01 3.434373258232962201e+01 3.435847730394170441e+01 3.435305129487581866e+01 3.436681484900142891e+01 3.437180969281978093e+01 3.434629099522783946e+01 3.437421093883366296e+01 3.436731581977264227e+01 3.436199012469354841e+01 3.434486634997793431e+01 3.434992252183559458e+01 3.435721700184573280e+01 3.435070252294096349e+01 3.434179195149984309e+01 3.434473031609114457e+01 3.435253669692184531e+01 3.437330594373133863e+01 3.436378004467684377e+01 3.437514042375389067e+01 3.437361235687826166e+01 3.434508276682105077e+01
3.434377349688319470e+01 3.437375610125221215e+01 3.434868821451926379e+01 3.435895920963217520e+01 3.437182434987517610e+01 3.436156286164741402e+01 3.436902559350284747e+01 3.434837416027751544e+01 3.435511045895199089e+01 3.434496494355107643e+01 3.435842882063432313e+01 3.435347434916034359e+01 3.436604068532751199e+01 3.437059991337351050e+01 3.434730134877753471e+01 3.437279193347281847e+01 3.436649811366967810e+01 3.436163587086975468e+01 3.434600030099245771e+01 3.435061752364129006e+01 3.435727819619854984e+01 3.435133027004943784e+01 3.434319261140538515e+01 3.434587607933672615e+01 3.435300482021428081e+01 3.437196579721744882e+01 3.436327004108456151e+01 3.437364033052421064e+01 3.437224546398678626e+01 3.434619786390670981e+01
3.434500216658932459e+01 3.437237671958031626e+01 3.434949019609554455e+01 3.435886862223044602e+01 3.437061323886424447e+01 3.436124542688455108e+01 3.436805838795792312e+01 3.434920337683382741e+01 3.435535454680986334e+01 3.434609028476396020e+01 3.435838420770594581e+01 3.435386039354251153e+01 3.436533365975872556e+01 3.436949549676879201e+01 3.434822381856744755e+01 3.437149659813622549e+01 3.436575132487496376e+01 3.436131215649866277e+01 3.434703572470098010e+01 3.435125190618276037e+01 3.435733372144266440e+01 3.435190306957535000e+01 3.434447174361647370e+01 3.434692230102018584e+01 3.435343191520465211e+01 3.437074241092576443e+01 3.436280415416520384e+01 3.437227101326288192e+01 3.437099767270473194e+01 3.434721608436752405e+01
3.434612414125459878e+01 3.437111753603345932e+01 3.435022236358926762e+01 3.435878563300541089e+01 3.436950761021226697e+01 3.436095542575749562e+01 3.436717533230852695e+01 3.434996045330105829e+01 3.435557716004542073e+01 3.434711786060078964e+01 3.435834323019974335e+01 3.435421270803407623e+01 3.436468799382399908e+01 3.436848724370724995e+01 3.434906604636316985e+01 3.437031411021473559e+01 3.436506934874380903e+01 3.436101640674206692e+01 3.434798115694251663e+01 3.435183098899481280e+01 3.435738417187740623e+01 3.435242579990177347e+01 3.434563982584759856e+01 3.434787760133115597e+01 3.435382163988825255e+01 3.436962557774706539e+01 3.436237861993562603e+01 3.437102101615869287e+01 3.436985856799179118e+01 3.434814581744250717e+01
3.434714864613588503e+01 3.436996803726341909e+01 3.435089080372173242e+01 3.435870966379648905e+01 3.436849825313839091e+01 3.436069052523711775e+01 3.436636910465983874e+01 3.435065166611199317e+01 3.435578023714490570e+01 3.434805613688824621e+01 3.435830564395035225e+01 3.435453426968557267e+01 3.436409839357657603e+01 3.436756676479838291e+01 3.434983501023245367e+01 3.436923460719081191e+01 3.436444659275157676e+01 3.436074624687329759e+01 3.434884440143030560e+01 3.435235961543014582e+01 3.435743006063832183e+01 3.435290288640520373e+01 3.434670645196703020e+01 3.434874986210384407e+01 3.435417730820445570e+01 3.436860599292917584e+01 3.436198998027420970e+01 3.436987990294079509e+01 3.436881865649005618e+01 3.434899473381130974e+01
3.434808412054222515e+01 3.436891864099649752e+01 3.435150106986282736e+01 3.435864016257728792e+01 3.436757676810692175e+01 3.436044857963204180e+01 3.436563302040110557e+01 3.435128274551754402e+01 3.435596552747885823e+01 3.434891285445974063e+01 3.435827120498684195e+01 3.435482778414279892e+01 3.436356001272994831e+01 3.436672640733024764e+01 3.435053708198835665e+01 3.436824909768854042e+01 3.436387793748533426e+01 3.436049949178292451e+01 3.434963259037191818e+01 3.435284219804618999e+01 3.435747183532344451e+01 3.435333834920855622e+01 3.434768040080776785e+01 3.434954628769406781e+01 3.435450192744876574e+01 3.436767517136501482e+01 3.436163506260887601e+01 3.436883816150449178e+01 3.436786928177910738e+01 3.434976984487209961e+01
3.434893828135020044e+01 3.436796061023888171e+01 3.435205822956737620e+01 3.435857660823026549e+01 3.436673549334789612e+01 3.436022761883124588e+01 3.436496097668659644e+01 3.435185892319589840e+01 3.435613461370154909e+01 3.434969508890732470e+01 3.435823967567986159e+01 3.435509571284783448e+01 3.436306841748338314e+01 3.436595918918020942e+01 3.435117807970353709e+01 3.436734938186658894e+01 3.436335869939581045e+01 3.436027413447030199e+01 3.435035224071840076e+01 3.435328275882405080e+01 3.435750988978929144e+01 3.435373584434270811e+01 3.434856970136287657e+01 3.435027346148940097e+01 3.435479823033675473e+01 3.436682537334183962e+01 3.436131095952327996e+01 3.436788711877481717e+01 3.436700254834508428e+01 3.435047755772617961e+01
3.434971818242622277e+01 3.436708597634152795e+01 3.435256690761921305e+01 3.435851851284248681e+01 3.436596743863270120e+01 3.436002583626843432e+01 3.436434740174964730e+01 3.435238497561670101e+01 3.435628893050847665e+01 3.435040930604517939e+01 3.435821082851928310e+01 3.435534029686510848e+01 3.436261955329670315e+01 3.436525873907284989e+01 3.435176331569307706e+01 3.436652797984068286e+01 3.436288459565364661e+01 3.436006833402741023e+01 3.435100930617982584e+01 3.435368496509499892e+01 3.435754457314972399e+01 3.435409869960767537e+01 3.434938169395930885e+01 3.435093739826332637e+01 3.435506870264762824e+01 3.436604953758218528e+01 3.436101500886627491e+01 3.436701886436097908e+01 3.436621125310842473e+01 3.435112372609958697e+01
3.435043026987207071e+01 3.436628746975394222e+01 3.435303132510368584e+01 3.435846542236103573e+01 3.436526622539336984e+01 3.435984157698391073e+01 3.436378720866485992e+01 3.435286526367156057e+01 3.435642978049436636e+01 3.435106141328078877e+01 3.435818444831526364e+01 3.435556357787217507e+01 3.436220971378320854e+01 3.436461924244139965e+01 3.435229764040983014e+01 3.436577806712817562e+01 3.436245171125374043e+01 3.435988040367865892e+01 3.435160922513038884e+01 3.435405216178513399e+01 3.435757619671814922e+01 3.435442994609162781e+01 3.435012308730406971e+01 3.435154359242815048e+01 3.435531560739805457e+01 3.436534122073938846e+01 3.436074477464475763e+01 3.436622618182919808e+01 3.436548882356430568e+01 3.435171369731113344e+01
3.435108043317651294e+01 3.436555845749889926e+01 3.435345533492614578e+01 3.435841691614818671e+01 3.436462603248380532e+01 3.435967332605542168e+01 3.436327575313281102e+01 3.435330376883642600e+01 3.435655834777424644e+01 3.435165680699515178e+01 3.435816033330562647e+01 3.435576741679281554e+01 3.436183551175813022e+01 3.436403539228837190e+01 3.435278548253134545e+01 3.436509341626886282e+01 3.436205646840675598e+01 3.435970879912679976e+01 3.435215696468142710e+01 3.435438740043739614e+01 3.435760503946612943e+01 3.435473234608416959e+01 3.435080001139851191e+01 3.435209706246067185e+01 3.435554100611655315e+01 3.436469454258389078e+01 3.436049802893963090e+01 3.436550248664743634e+01 3.436482926178237562e+01 3.435225235549377487e+01
3.435167405241913485e+01 3.436489288658609809e+01 3.435384245411872683e+01 3.435837260585098107e+01 3.436404154695561886e+01 3.435951969756580127e+01 3.436280879495236462e+01 3.435370412618707547e+01 3.435667570979376961e+01 3.435220041615325215e+01 3.435813829553065091e+01 3.435595351043738077e+01 3.436149385241502330e+01 3.436350234452922336e+01 3.435323088559667326e+01 3.436446834392070571e+01 3.436169559818881680e+01 3.435955210740171140e+01 3.435265706113426631e+01 3.435469346543231950e+01 3.435763135236890520e+01 3.435500841794851823e+01 3.435141806644455187e+01 3.435260239170350616e+01 3.435574677771698759e+01 3.436410413626693838e+01 3.436027273492616985e+01 3.436484177001965179e+01 3.436422709360849836e+01 3.435274416130342701e+01
3.435221604172298981e+01 3.436428523269950119e+01 3.435419589325954348e+01 3.435833213384899665e+01 3.436350791932996174e+01 3.435937942419274549e+01 3.436238246284913345e+01 3.435406965454208006e+01 3.435678284767469393e+01 3.435269674236878501e+01 3.435811816072682490e+01 3.435612340642570928e+01 3.436118190856060295e+01 3.436301567736518336e+01 3.435363754146881377e+01 3.436389766284013803e+01 3.436136611436913313e+01 3.435940903631794185e+01 3.435311365707565301e+01 3.435497289772078489e+01 3.435765536192830183e+01 3.435526045839623777e+01 3.435198236791588045e+01 3.435306376579379162e+01 3.435593463533882641e+01 3.436356510312923973e+01 3.436006703104558824e+01 3.436423854795364008e+01 3.436367732252353591e+01 3.435319318834167746e+01
3.435271088917964022e+01 3.436373045359830769e+01 3.435451858327286345e+01 3.435829517147119816e+01 3.436302072291127274e+01 3.435925134746828746e+01 3.436199322236850406e+01 3.435440338397942384e+01 3.435688065535008917e+01 3.435314989665663887e+01 3.435809976790946507e+01 3.435627851662520982e+01 3.436089709780782897e+01 3.436257135429460163e+01 3.435400882089941632e+01 3.436337663823847777e+01 3.436106528931125581e+01 3.435927840459041960e+01 3.435353053535763479e+01 3.435522801635034540e+01 3.435767727307150210e+01 3.435549056251676348e+01 3.435249758800537023e+01 3.435348500696110108e+01 3.435610614144295027e+01 3.436307297159472540e+01 3.435987921632140996e+01 3.436368781500625147e+01 3.436317538768346935e+01 3.435360315653341701e+01
3.435316269347910634e+01 3.436322394674854763e+01 3.435481319985765225e+01 3.435826141710830228e+01 3.436257591674674927e+01 3.435913440871694746e+01 3.436163784656547193e+01 3.435470808095966788e+01 3.435696994768380819e+01 3.435356363311339578e+01 3.435808296876643908e+01 3.435642012928531841e+01 3.436063706161488795e+01 3.436216569041519620e+01 3.435434780144366584e+01 3.436290094807681328e+01 3.436079063182637583e+01 3.435915913262915211e+01 3.435391115020039621e+01 3.435546093801707457e+01 3.435769727157306619e+01 3.435570064184680916e+01 3.435296799367782228e+01 3.435386960542845003e+01 3.435626272139874260e+01 3.436262365974997834e+01 3.435970773678840828e+01 3.436318500222696315e+01 3.436271712572839476e+01 3.435397746268632346e+01
3.435357519747977761e+01 3.436276151076562257e+01 3.435508218576180894e+01 3.435823059430514093e+01 3.436216981188420760e+01 3.435902764066327819e+01 3.436131338924625567e+01 3.435498627126190030e+01 3.435705146772836116e+01 3.435394137975490025e+01 3.435806762694434724e+01 3.435654942002192769e+01 3.436039964604945141e+01 3.436179532170970674e+01 3.435465729295226822e+01 3.436246664691467601e+01 3.436053986685118389e+01 3.435905023400524527e+01 3.435425865564599235e+01 3.435567359484422667e+01 3.435771552610754043e+01 3.435589244071355353e+01 3.435339748156120265e+01 3.435422074814481164e+01 3.435640567574904480e+01 3.436221344125647192e+01 3.435955117298600214e+01 3.436272593888384819e+01 3.436229873599820905e+01 3.435431920845297782e+01
3.435395181894735828e+01 3.436233931029990174e+01 3.435532777109819591e+01 3.435820244988887850e+01 3.436179904061874879e+01 3.435893015968520814e+01 3.436101716053967436e+01 3.435524026092395644e+01 3.435712589324049304e+01 3.435428626673349584e+01 3.435805361728345986e+01 3.435666746177916053e+01 3.436018288415696986e+01 3.436145717704036429e+01 3.435493986085065643e+01 3.436207013297493518e+01 3.436031091682121286e+01 3.435895080756795750e+01 3.435457593157624956e+01 3.435586775056360409e+01 3.435773219001061562e+01 3.435606755104681298e+01 3.435378960990843211e+01 3.435454134506176871e+01 3.435653619130962966e+01 3.436183891428319725e+01 3.435940822845708453e+01 3.436230681760678607e+01 3.436191674883389879e+01 3.435463122590357443e+01
3.435429567868310130e+01 3.436195384404000208e+01 3.435555199187864162e+01 3.435817675216767952e+01 3.436146052845282384e+01 3.435884115868149280e+01 3.436074670459480274e+01 3.435547215536047361e+01 3.435719384255188658e+01 3.435460115214445409e+01 3.435804082503898371e+01 3.435677523387690258e+01 3.435998497981356792e+01 3.436114845260584616e+01 3.435519784739573623e+01 3.436170811812387882e+01 3.436010188461348491e+01 3.435886003018305956e+01 3.435486560749559004e+01 3.435604501525284604e+01 3.435774740280736950e+01 3.435622742582519606e+01 3.435414762785327980e+01 3.435483405315568461e+01 3.435665535123308700e+01 3.436149697318075624e+01 3.435927771918887430e+01 3.436192416262514371e+01 3.436156799667872264e+01 3.435491610090464576e+01
3.435460962624988923e+01 3.436160191554409238e+01 3.435575670692529826e+01 3.435815328922070222e+01 3.436115146852255009e+01 3.435875990051737006e+01 3.436049977921975085e+01 3.435568387681740887e+01 3.435725587987359120e+01 3.435488864561855848e+01 3.435802914511313588e+01 3.435687363023767205e+01 3.435980429294885852e+01 3.436086658863873566e+01 3.435543339108575367e+01 3.436137760049857093e+01 3.435991103793667634e+01 3.435877715005683797e+01 3.435513008426473647e+01 3.435620685876517655e+01 3.435776129155108549e+01 3.435637339129772272e+01 3.435447450217430543e+01 3.435510129838206694e+01 3.435676414414761837e+01 3.436118478264751275e+01 3.435915856393110346e+01 3.436157480081264737e+01 3.436124958772335702e+01 3.435517619448553006e+01
3.435489626349209402e+01 3.436128060664037065e+01 3.435594361330351632e+01 3.435813186729058799e+01 3.436086929826796421e+01 3.435868571201047672e+01 3.436027433729228875e+01 3.435587718030787840e+01 3.435731252009980352e+01 3.435515112988430531e+01 3.435801848131370662e+01 3.435696346687387148e+01 3.435963932602960824e+01 3.436060924814339756e+01 3.435564844438306409e+01 3.436107583954081690e+01 3.435973679505358547e+01 3.435870148060850937e+01 3.435537155395780928e+01 3.435635462297259579e+01 3.435777397200544669e+01 3.435650665810330651e+01 3.435477294176782692e+01 3.435534529573579476e+01 3.435686347246570449e+01 3.436089975416241060e+01 3.435904977532720039e+01 3.436125583528232141e+01 3.436095888186510194e+01 3.435541366236131466e+01
3.435515796603177563e+01 3.436098725316391267e+01 3.435611426040681948e+01 3.435811230928291593e+01 3.436061167814629869e+01 3.435861797841868537e+01 3.436006850978829164e+01 3.435605366816137973e+01 3.435736423316586041e+01 3.435539078046987527e+01 3.435800874564862539e+01 3.435704548870685215e+01 3.435948871170180752e+01 3.436037429749283945e+01 3.435584478989617452e+01 3.436080033322078719e+01 3.435957771172755315e+01 3.435863239485277632e+01 3.435559201800201379e+01 3.435648953293117813e+01 3.435778554969564880e+01 3.435662833139538463e+01 3.435504542001856265e+01 3.435556806757718817e+01 3.435695415994503321e+01 3.436063952448213854e+01 3.435895045179603358e+01 3.436096462130075224e+01 3.436069346877341246e+01 3.435563047276838233e+01
