chargement des données ...
📦 6000 timesteps couplés (index 0 → 5999)
   📏 Diameters loaded: 6180000 particles
fit des quatre découpages + états ...
   ✅ Species 'small' (d=0.0040): 350 particles
   ✅ Species 'large' (d=0.0080): 680 particles
   ✅ states_matrix: (6000, 1030)
   ✅ S_matrix 'small': (6000, 10) | sum t=0: 350 particles (350 expected)
   ✅ S_matrix 'large': (6000, 10) | sum t=0: 680 particles (680 expected)
   ✅ Species 'small' (d=0.0040): 350 particles
   ✅ Species 'large' (d=0.0080): 680 particles
   ✅ states_matrix: (6000, 1030)
   ✅ S_matrix 'small': (6000, 10) | sum t=0: 350 particles (350 expected)
   ✅ S_matrix 'large': (6000, 10) | sum t=0: 680 particles (680 expected)
   ✅ Species 'small' (d=0.0040): 350 particles
   ✅ Species 'large' (d=0.0080): 680 particles
   ✅ states_matrix: (6000, 1030)
   ✅ S_matrix 'small': (6000, 10) | sum t=0: 350 particles (350 expected)
   ✅ S_matrix 'large': (6000, 10) | sum t=0: 680 particles (680 expected)
   ✅ Species 'small' (d=0.0040): 350 particles
   ✅ Species 'large' (d=0.0080): 680 particles
   ✅ states_matrix: (6000, 1030)
   ✅ S_matrix 'small': (6000, 10) | sum t=0: 350 particles (350 expected)
   ✅ S_matrix 'large': (6000, 10) | sum t=0: 680 particles (680 expected)

=== Étude NLT — découpage CYLINDRIQUE (dt=1 pas, réf NLT=18) ===
  NLT= 1 small: E_rel=0.1014
  NLT= 1 large: E_rel=0.0530
  NLT= 2 small: E_rel=0.0805
  NLT= 2 large: E_rel=0.0491
  NLT= 3 small: E_rel=0.0706
  NLT= 3 large: E_rel=0.0588
  NLT= 5 small: E_rel=0.0423
  NLT= 5 large: E_rel=0.0288
  NLT= 8 small: E_rel=0.0251
  NLT= 8 large: E_rel=0.0239
  NLT=12 small: E_rel=0.0183
  NLT=12 large: E_rel=0.0167
  NLT=18 small: E_rel=0.0000
  NLT=18 large: E_rel=0.0000
  [figure etude_nlt_erreur_relative_cylindrique.png écrite en 2 s]

=== Matrices de transition apprises avec dt = tau (157 pas) ===

  Cartésien small: NaN=0 | homogénéisation=OK
    P =
[[0.18  0.328 0.179 0.126 0.089 0.061 0.02  0.011 0.005 0.002]
 [0.121 0.268 0.197 0.147 0.116 0.075 0.049 0.016 0.006 0.006]
 [0.048 0.171 0.166 0.161 0.164 0.135 0.099 0.037 0.013 0.006]
 [0.018 0.079 0.121 0.16  0.177 0.187 0.143 0.077 0.025 0.012]
 [0.014 0.041 0.086 0.129 0.17  0.205 0.188 0.11  0.043 0.015]
 [0.003 0.022 0.066 0.129 0.177 0.197 0.193 0.123 0.058 0.031]
 [0.002 0.018 0.054 0.125 0.191 0.174 0.176 0.142 0.072 0.046]
 [0.001 0.011 0.046 0.099 0.155 0.167 0.169 0.157 0.108 0.087]
 [0.001 0.006 0.028 0.06  0.098 0.13  0.146 0.183 0.172 0.175]
 [0.    0.002 0.009 0.023 0.041 0.052 0.102 0.156 0.255 0.36 ]]
    diagonale = [0.18  0.268 0.166 0.16  0.17  0.197 0.176 0.157 0.172 0.36 ]

  Cartésien large: NaN=0 | homogénéisation=OK
    P =
[[0.023 0.29  0.312 0.21  0.097 0.023 0.023 0.006 0.011 0.006]
 [0.024 0.373 0.249 0.181 0.099 0.049 0.015 0.006 0.002 0.002]
 [0.007 0.245 0.234 0.197 0.152 0.097 0.045 0.016 0.005 0.002]
 [0.005 0.094 0.191 0.186 0.19  0.169 0.113 0.038 0.011 0.005]
 [0.001 0.03  0.114 0.158 0.178 0.187 0.183 0.102 0.033 0.013]
 [0.    0.013 0.072 0.115 0.147 0.17  0.209 0.171 0.079 0.024]
 [0.    0.004 0.045 0.087 0.128 0.176 0.184 0.187 0.126 0.062]
 [0.    0.003 0.03  0.087 0.115 0.132 0.159 0.188 0.17  0.115]
 [0.    0.002 0.017 0.053 0.085 0.109 0.132 0.204 0.219 0.18 ]
 [0.    0.001 0.004 0.016 0.029 0.041 0.063 0.144 0.327 0.374]]
    diagonale = [0.023 0.373 0.234 0.186 0.178 0.17  0.184 0.188 0.219 0.374]
  [figure matrice_cartesien_especes_dt_tau.png écrite]

  Cylindrique small: NaN=0 | homogénéisation=OK
    P =
[[0.251 0.092 0.025 0.015 0.044 0.092 0.055 0.043 0.083 0.3  ]
 [0.287 0.18  0.099 0.041 0.023 0.051 0.023 0.023 0.046 0.227]
 [0.237 0.18  0.158 0.127 0.042 0.03  0.017 0.017 0.034 0.158]
 [0.177 0.154 0.158 0.178 0.148 0.022 0.01  0.012 0.026 0.115]
 [0.136 0.1   0.118 0.166 0.253 0.105 0.011 0.005 0.017 0.09 ]
 [0.059 0.046 0.051 0.102 0.28  0.334 0.049 0.016 0.021 0.042]
 [0.024 0.011 0.019 0.038 0.159 0.446 0.128 0.059 0.062 0.054]
 [0.017 0.017 0.008 0.028 0.137 0.38  0.154 0.058 0.099 0.102]
 [0.03  0.01  0.006 0.019 0.096 0.328 0.146 0.085 0.118 0.163]
 [0.09  0.013 0.009 0.014 0.072 0.241 0.109 0.074 0.115 0.264]]
    diagonale = [0.251 0.18  0.158 0.178 0.253 0.334 0.128 0.058 0.118 0.264]

  Cylindrique large: NaN=0 | homogénéisation=OK
    P =
[[0.316 0.098 0.019 0.009 0.015 0.034 0.021 0.027 0.076 0.386]
 [0.347 0.226 0.128 0.035 0.006 0.007 0.005 0.006 0.022 0.219]
 [0.263 0.225 0.197 0.158 0.028 0.003 0.001 0.003 0.009 0.114]
 [0.168 0.169 0.188 0.231 0.158 0.004 0.001 0.002 0.005 0.074]
 [0.087 0.095 0.121 0.201 0.334 0.117 0.003 0.002 0.004 0.037]
 [0.033 0.033 0.042 0.089 0.282 0.4   0.066 0.018 0.011 0.027]
 [0.021 0.007 0.01  0.027 0.152 0.399 0.169 0.082 0.082 0.05 ]
 [0.018 0.008 0.006 0.015 0.114 0.375 0.16  0.08  0.118 0.106]
 [0.016 0.004 0.003 0.012 0.068 0.311 0.129 0.101 0.14  0.214]
 [0.106 0.011 0.008 0.009 0.037 0.159 0.094 0.077 0.133 0.366]]
    diagonale = [0.316 0.226 0.197 0.231 0.334 0.4   0.169 0.08  0.14  0.366]
  [figure matrice_cylindrique_especes_dt_tau.png écrite]

  Voronoï small: NaN=0 | homogénéisation=OK
    P =
[[0.555 0.001 0.005 0.003 0.013 0.174 0.078 0.17  0.001 0.001]
 [0.002 0.385 0.131 0.048 0.007 0.017 0.011 0.001 0.103 0.295]
 [0.014 0.105 0.35  0.009 0.058 0.112 0.15  0.012 0.177 0.012]
 [0.002 0.134 0.018 0.349 0.102 0.002 0.011 0.027 0.108 0.247]
 [0.011 0.017 0.149 0.107 0.307 0.016 0.128 0.123 0.136 0.006]
 [0.33  0.011 0.088 0.    0.011 0.375 0.121 0.052 0.009 0.002]
 [0.1   0.007 0.124 0.011 0.136 0.068 0.329 0.078 0.136 0.011]
 [0.258 0.001 0.015 0.019 0.087 0.171 0.086 0.354 0.008 0.001]
 [0.007 0.083 0.117 0.099 0.129 0.007 0.094 0.016 0.362 0.086]
 [0.003 0.177 0.014 0.226 0.018 0.002 0.009 0.002 0.079 0.471]]
    diagonale = [0.555 0.385 0.35  0.349 0.307 0.375 0.329 0.354 0.362 0.471]

  Voronoï large: NaN=0 | homogénéisation=OK
    P =
[[0.434 0.    0.005 0.    0.007 0.166 0.099 0.286 0.    0.   ]
 [0.    0.535 0.106 0.026 0.006 0.005 0.004 0.    0.1   0.218]
 [0.008 0.096 0.438 0.006 0.04  0.094 0.16  0.007 0.145 0.007]
 [0.    0.099 0.008 0.53  0.101 0.    0.003 0.002 0.093 0.162]
 [0.004 0.008 0.12  0.084 0.44  0.009 0.115 0.087 0.13  0.004]
 [0.238 0.003 0.095 0.    0.006 0.496 0.121 0.038 0.003 0.   ]
 [0.064 0.001 0.097 0.002 0.161 0.069 0.411 0.119 0.074 0.002]
 [0.173 0.    0.013 0.002 0.083 0.151 0.101 0.477 0.001 0.   ]
 [0.003 0.08  0.097 0.12  0.134 0.003 0.061 0.002 0.42  0.08 ]
 [0.    0.164 0.005 0.255 0.012 0.    0.004 0.    0.108 0.452]]
    diagonale = [0.434 0.535 0.438 0.53  0.44  0.496 0.411 0.477 0.42  0.452]
  [figure matrice_voronoi_especes_dt_tau.png écrite]

  Physique small: NaN=0 | homogénéisation=OK
    P =
[[0.441 0.118 0.192 0.01  0.046 0.118 0.017 0.011 0.015 0.032]
 [0.295 0.301 0.06  0.002 0.007 0.118 0.011 0.065 0.019 0.122]
 [0.165 0.205 0.34  0.002 0.048 0.022 0.085 0.048 0.04  0.045]
 [0.02  0.001 0.015 0.357 0.274 0.106 0.077 0.017 0.088 0.044]
 [0.035 0.011 0.104 0.06  0.288 0.037 0.293 0.063 0.098 0.01 ]
 [0.281 0.031 0.093 0.088 0.068 0.366 0.013 0.006 0.01  0.043]
 [0.006 0.028 0.085 0.014 0.065 0.001 0.329 0.225 0.212 0.036]
 [0.013 0.075 0.034 0.084 0.047 0.011 0.072 0.277 0.28  0.106]
 [0.015 0.004 0.021 0.234 0.231 0.031 0.077 0.051 0.291 0.044]
 [0.092 0.107 0.01  0.088 0.043 0.187 0.004 0.104 0.096 0.269]]
    diagonale = [0.441 0.301 0.34  0.357 0.288 0.366 0.329 0.277 0.291 0.269]

  Physique large: NaN=0 | homogénéisation=OK
    P =
[[0.358 0.108 0.301 0.005 0.038 0.158 0.004 0.005 0.006 0.018]
 [0.251 0.414 0.064 0.001 0.006 0.085 0.005 0.036 0.014 0.123]
 [0.094 0.314 0.43  0.    0.027 0.003 0.044 0.042 0.02  0.026]
 [0.009 0.001 0.006 0.491 0.273 0.067 0.031 0.011 0.074 0.037]
 [0.028 0.004 0.073 0.084 0.411 0.028 0.285 0.039 0.046 0.002]
 [0.276 0.012 0.065 0.049 0.052 0.483 0.003 0.003 0.007 0.051]
 [0.002 0.012 0.051 0.001 0.064 0.    0.473 0.288 0.101 0.009]
 [0.004 0.052 0.015 0.061 0.021 0.005 0.069 0.443 0.258 0.074]
 [0.013 0.003 0.005 0.232 0.204 0.019 0.088 0.076 0.312 0.048]
 [0.128 0.153 0.006 0.053 0.019 0.173 0.001 0.126 0.097 0.245]]
    diagonale = [0.358 0.414 0.43  0.491 0.411 0.483 0.473 0.443 0.312 0.245]
  [figure matrice_physique_especes_dt_tau.png écrite]

TERMINÉ
